
# Surface 0 of 1 surfaces

# Curve title: "filename using 2:3:(-$7*1000)"

# Contour 0, label:       12
 2.50859 -1.81818  12 
 1.81818 -2.51176  12 
 0.721261 -1.81818  12 
 1.81818 -0.766924  12 
 2.50859 -1.81818  12 

 21.6441 -20  12 
 20 -21.4301  12 
 17.3552 -20  12 
 20 -16.7164  12 
 21.6441 -20  12 


# Contour 1, label:        9
 46.4199 -41.8182  9 
 45.4545 -44.166  9 
 42.9065 -45.4545  9 
 41.8182 -45.645  9 
 41.0809 -45.4545  9 
 38.1818 -44.6985  9 
 34.5455 -42.5893  9 
 33.5353 -41.8182  9 
 30.9091 -39.7481  9 
 28.8273 -38.1818  9 
 27.2727 -37.2257  9 
 23.6364 -35.2303  9 
 22.3391 -34.5455  9 
 20 -33.5019  9 
 16.3636 -31.6576  9 
 15.2167 -30.9091  9 
 12.7273 -29.2115  9 
 10.4884 -27.2727  9 
 9.09091 -25.8845  9 
 7.06929 -23.6364  9 
 5.45455 -21.6676  9 
 4.07822 -20  9 
 1.81818 -17.5507  9 
 0.553819 -16.3636  9 
-1.81818 -14.3271  9 
-3.67838 -12.7273  9 
-5.45455 -11.1425  9 
-7.45601 -9.09091  9 
-9.09091 -7.12641  9 
-10.3395 -5.45455  9 
-12.4979 -1.81818  9 
-12.7273 -1.31985  9 
-14.26  1.81818  9 
-16.0911  5.45455  9 
-16.3636  6.02192  9 
-18.0917  9.09091  9 
-20  12.2065  9 
-20.3053  12.7273  9 
-21.6584  16.3636  9 
-21.3206  20  9 
-20  21.075  9 
-16.3636  20.9475  9 
-13.8783  20  9 
-12.7273  19.4285  9 
-9.09091  17.4613  9 
-6.96672  16.3636  9 
-5.45455  15.6588  9 
-1.81818  13.9732  9 
 0.773864  12.7273  9 
 1.81818  12.247  9 
 5.45455  10.1138  9 
 6.85882  9.09091  9 
 9.09091  7.27913  9 
 11.0455  5.45455  9 
 12.7273  3.64859  9 
 14.401  1.81818  9 
 16.3636 -0.352439  9 
 17.8466 -1.81818  9 
 20 -3.68756  9 
 22.3344 -5.45455  9 
 23.6364 -6.44872  9 
 26.8004 -9.09091  9 
 27.2727 -9.54051  9 
 30.1672 -12.7273  9 
 30.9091 -13.7913  9 
 32.617 -16.3636  9 
 34.4914 -20  9 
 34.5455 -20.1284  9 
 36.3092 -23.6364  9 
 38.1818 -26.8424  9 
 38.5059 -27.2727  9 
 41.2174 -30.9091  9 
 41.8182 -31.6993  9 
 43.9044 -34.5455  9 
 45.4545 -37.342  9 
 45.8792 -38.1818  9 
 46.4199 -41.8182  9 

 92.9705 -143.636  9 
 92.7273 -146.378  9 
 92.6535 -147.273  9 
 91.2043 -150.909  9 
 89.0909 -154.221  9 
 88.8992 -154.545  9 
 85.4545 -158.174  9 
 85.4472 -158.182  9 
 81.8182 -160.335  9 
 78.1818 -161.355  9 
 74.5455 -160.941  9 
 70.9091 -159.633  9 
 68.1433 -158.182  9 
 67.2727 -157.399  9 
 64.6661 -154.545  9 
 63.6364 -152.104  9 
 63.2159 -150.909  9 
 63.0621 -147.273  9 
 63.5996 -143.636  9 
 63.6364 -143.426  9 
 64.5425 -140  9 
 65.1826 -136.364  9 
 65.7086 -132.727  9 
 67.2727 -129.179  9 
 70.9091 -130.449  9 
 74.5455 -132.438  9 
 75.0993 -132.727  9 
 78.1818 -134.479  9 
 81.8182 -135.862  9 
 84.4692 -136.364  9 
 85.4545 -136.568  9 
 89.0909 -137.684  9 
 91.7587 -140  9 
 92.7273 -142.441  9 
 92.9705 -143.636  9 


# Contour 2, label:        6
 82.7221  180  6 
 81.8182  179.757  6 
 78.1818  179.153  6 
 74.5455  178.933  6 
 70.9091  178.997  6 
 67.2727  179.304  6 
 63.6364  179.84  6 
 62.9039  180  6 

 52.7273 -95.5399  6 
 52.089 -96.3636  6 
 49.0909 -99.9851  6 
 49.0804 -100  6 
 46.6303 -103.636  6 
 45.4545 -105.625  6 
 44.6288 -107.273  6 
 43.0335 -110.909  6 
 41.8182 -114.138  6 
 41.6762 -114.545  6 
 40.5397 -118.182  6 
 39.456 -121.818  6 
 38.4013 -125.455  6 
 38.1818 -126.282  6 
 37.4574 -129.091  6 
 36.6183 -132.727  6 
 35.8609 -136.364  6 
 35.1878 -140  6 
 34.6193 -143.636  6 
 34.5455 -144.27  6 
 34.2104 -147.273  6 
 34.0081 -150.909  6 
 34.1268 -154.545  6 
 34.5455 -157.121  6 
 34.7306 -158.182  6 
 36.0444 -161.818  6 
 38.1818 -165.449  6 
 38.1855 -165.455  6 
 41.3565 -169.091  6 
 41.8182 -169.553  6 
 45.4545 -172.668  6 
 45.5361 -172.727  6 
 49.0909 -175.132  6 
 51.2853 -176.364  6 
 52.7273 -177.133  6 
 56.3636 -178.722  6 
 60 -180  6 

 41.8182 -13.8884  6 
 40.957 -12.7273  6 
 38.1818 -9.55255  6 
 37.8048 -9.09091  6 
 34.5455 -5.72104  6 
 34.2835 -5.45455  6 
 30.9091 -2.32009  6 
 30.3211 -1.81818  6 
 27.2727  0.741943  6 
 25.9115  1.81818  6 
 23.6364  3.70427  6 
 21.7061  5.45455  6 
 20  6.96104  6 
 17.7811  9.09091  6 
 16.3636  10.3217  6 
 13.6283  12.7273  6 
 12.7273  13.4733  6 
 9.09091  16.2936  6 
 8.98861  16.3636  6 
 5.45455  18.7946  6 
 3.4536  20  6 
 1.81818  21.0627  6 
-1.81818  23.4828  6 
-2.04278  23.6364  6 
-5.45455  25.9511  6 
-7.55593  27.2727  6 
-9.09091  28.1849  6 
-12.7273  30.0044  6 
-15.1167  30.9091  6 
-16.3636  31.3748  6 
-20  32.2992  6 
-23.6364  32.8852  6 
-27.2727  33.1  6 
-30.9091  32.559  6 
-33.3272  30.9091  6 
-34.5455  27.8621  6 
-34.669  27.2727  6 
-34.6474  23.6364  6 
-34.5455  23.0078  6 
-34.1237  20  6 
-33.2276  16.3636  6 
-31.8551  12.7273  6 
-30.9091  10.9142  6 
-29.9219  9.09091  6 
-27.4908  5.45455  6 
-27.2727  5.16047  6 
-24.6742  1.81818  6 
-23.6364  0.491269  6 
-21.9322 -1.81818  6 
-20 -4.58812  6 
-19.464 -5.45455  6 
-16.8787 -9.09091  6 
-16.3636 -9.71936  6 
-13.9138 -12.7273  6 
-12.7273 -14.0557  6 
-10.5436 -16.3636  6 
-9.09091 -17.8769  6 
-6.8502 -20  6 
-5.45455 -21.4008  6 
-3.19595 -23.6364  6 
-1.81818 -25.0971  6 
 0.107979 -27.2727  6 
 1.81818 -29.0949  6 
 3.52023 -30.9091  6 
 5.45455 -32.8303  6 
 7.31358 -34.5455  6 
 9.09091 -36.186  6 
 11.6145 -38.1818  6 
 12.7273 -39.1391  6 
 16.3613 -41.8182  6 
 20 -45.0231  6 
 20.4521 -45.4545  6 
 23.6364 -48.6577  6 
 24.0846 -49.0909  6 
 27.2727 -52.0807  6 
 28.0388 -52.7273  6 
 30.9091 -55.0822  6 
 32.6816 -56.3636  6 
 34.5455 -57.7526  6 
 37.8114 -60  6 
 38.1818 -60.2915  6 
 41.8182 -63.3165  6 
 42.1867 -63.6364  6 
 45.4545 -66.7556  6 
 46.0424 -67.2727  6 
 49.0909 -70.1464  6 
 50.0928 -70.9091  6 
 52.7273 -73.2185  6 
 54.8682 -74.5455  6 
 56.3636 -75.8297  6 
 60 -78.0835  6 
 60.1659 -78.1818  6 
 62.164 -81.8182  6 
 61.1763 -85.4545  6 
 60 -86.9765  6 
 58.6304 -89.0909  6 
 56.3636 -91.4453  6 
 55.3758 -92.7273  6 
 52.7273 -95.5399  6 

 85.6134 -180  6 
 89.0909 -178.49  6 
 92.7273 -176.666  6 
 93.2879 -176.364  6 
 96.3636 -174.725  6 
 100 -172.852  6 
 100.251 -172.727  6 
 103.636 -170.985  6 
 107.273 -169.144  6 
 107.373 -169.091  6 
 110.909 -167.12  6 
 113.741 -165.455  6 
 114.545 -164.937  6 
 118.182 -162.327  6 
 118.766 -161.818  6 
 121.818 -158.511  6 
 122.069 -158.182  6 
 124.241 -154.545  6 
 125.455 -152.183  6 
 126.064 -150.909  6 
 127.591 -147.273  6 
 129.009 -143.636  6 
 129.091 -143.411  6 
 130.283 -140  6 
 131.565 -136.364  6 
 132.727 -133.19  6 
 132.898 -132.727  6 
 134.232 -129.091  6 
 135.598 -125.455  6 
 136.364 -123.471  6 
 137.024 -121.818  6 
 138.674 -118.182  6 
 140 -115.705  6 
 140.671 -114.545  6 
 142.721 -110.909  6 
 143.636 -109.153  6 
 144.593 -107.273  6 
 146.16 -103.636  6 
 147.273 -100.308  6 
 147.367 -100  6 
 148 -96.3636  6 
 148.13 -92.7273  6 
 147.708 -89.0909  6 
 147.273 -87.5314  6 
 146.453 -85.4545  6 
 144.031 -81.8182  6 
 143.636 -81.369  6 
 140 -78.2413  6 
 139.919 -78.1818  6 
 136.364 -75.7225  6 
 134.446 -74.5455  6 
 132.727 -73.4935  6 
 129.091 -71.3432  6 
 128.258 -70.9091  6 
 125.455 -69.2936  6 
 121.818 -67.5839  6 
 119.518 -67.2727  6 
 118.182 -67.1193  6 
 117.531 -67.2727  6 
 114.545 -68.0479  6 
 110.909 -69.6237  6 
 108.074 -70.9091  6 
 107.273 -71.2729  6 
 103.636 -72.9041  6 
 100 -74.2224  6 
 98.8363 -74.5455  6 
 96.3636 -75.3017  6 
 92.7273 -75.8921  6 
 89.0909 -75.8191  6 
 85.4545 -75.0945  6 
 83.9231 -74.5455  6 
 81.8182 -73.89  6 
 78.1818 -71.9285  6 
 77.1366 -70.9091  6 
 74.7053 -67.2727  6 
 74.5455 -66.9605  6 
 73.4667 -63.6364  6 
 72.5443 -60  6 
 71.5684 -56.3636  6 
 70.9091 -54.5545  6 
 70.2774 -52.7273  6 
 68.5875 -49.0909  6 
 67.2727 -46.7858  6 
 66.5079 -45.4545  6 
 64.2042 -41.8182  6 
 63.6364 -40.9747  6 
 61.8233 -38.1818  6 
 60 -35.4299  6 
 59.4379 -34.5455  6 
 56.8949 -30.9091  6 
 56.3636 -30.2155  6 
 54.0431 -27.2727  6 
 52.7273 -25.7372  6 
 50.8224 -23.6364  6 
 49.0909 -21.812  6 
 47.3182 -20  6 
 45.4545 -18.0617  6 
 43.9731 -16.3636  6 
 41.8182 -13.8884  6 


# Contour 3, label:        3
-41.3236  136.364  3 
-41.8182  135.322  3 
-43.1484  132.727  3 
-45.3406  129.091  3 
-45.4545  128.925  3 
-48.0699  125.455  3 
-49.0909  124.228  3 
-51.3275  121.818  3 
-52.7273  120.421  3 
-55.3301  118.182  3 
-56.3636  117.337  3 
-60  115.013  3 
-61.0886  114.545  3 
-63.6364  113.511  3 
-67.2727  112.757  3 
-70.9091  112.493  3 
-74.5455  112.417  3 
-78.1818  112.29  3 
-81.8182  111.945  3 
-85.4545  111.298  3 
-86.9537  110.909  3 
-89.0909  110.333  3 
-92.7273  109.062  3 
-96.3636  107.506  3 
-96.8779  107.273  3 
-100  105.824  3 
-103.636  104.17  3 
-104.958  103.636  3 
-107.273  102.759  3 
-110.909  101.659  3 
-114.545  100.995  3 
-118.182  101.052  3 
-121.818  102.296  3 
-123.836  103.636  3 
-125.455  105.312  3 
-126.755  107.273  3 
-127.713  110.909  3 
-127.709  114.545  3 
-127.201  118.182  3 
-126.374  121.818  3 
-125.455  124.835  3 
-125.249  125.455  3 
-123.769  129.091  3 
-122.141  132.727  3 
-121.818  133.365  3 
-120.253  136.364  3 
-118.274  140  3 
-118.182  140.156  3 
-116.091  143.636  3 
-114.545  146.031  3 
-113.718  147.273  3 
-111.035  150.909  3 
-110.909  151.064  3 
-107.885  154.545  3 
-107.273  155.19  3 
-104.227  158.182  3 
-103.636  158.717  3 
-100  161.756  3 
-99.9176  161.818  3 
-96.3636  164.329  3 
-94.6358  165.455  3 
-92.7273  166.659  3 
-89.0909  168.744  3 
-88.3911  169.091  3 
-85.4545  170.546  3 
-81.8182  172.041  3 
-79.6307  172.727  3 
-78.1818  173.204  3 
-74.5455  174.019  3 
-70.9091  174.468  3 
-67.2727  174.526  3 
-63.6364  174.154  3 
-60  173.304  3 
-58.4165  172.727  3 
-56.3636  171.909  3 
-52.7273  169.927  3 
-51.5172  169.091  3 
-49.0909  167.248  3 
-47.1544  165.455  3 
-45.4545  163.649  3 
-44.0156  161.818  3 
-41.8182  158.212  3 
-41.803  158.182  3 
-40.5148  154.545  3 
-39.6959  150.909  3 
-39.3211  147.273  3 
-39.4218  143.636  3 
-40.0692  140  3 
-41.3236  136.364  3 

 30.1097 -70.9091  3 
 30.9091 -71.959  3 
 32.8818 -74.5455  3 
 34.5455 -77.6136  3 
 34.8625 -78.1818  3 
 35.8917 -81.8182  3 
 35.8897 -85.4545  3 
 35.1369 -89.0909  3 
 34.5455 -90.7994  3 
 33.9284 -92.7273  3 
 32.5173 -96.3636  3 
 31.0537 -100  3 
 30.9091 -100.361  3 
 29.5962 -103.636  3 
 28.1406 -107.273  3 
 27.2727 -109.471  3 
 26.6856 -110.909  3 
 25.2654 -114.545  3 
 23.9364 -118.182  3 
 23.6364 -119.127  3 
 22.7753 -121.818  3 
 21.8196 -125.455  3 
 20.9997 -129.091  3 
 20.2694 -132.727  3 
 20 -134.176  3 
 19.5623 -136.364  3 
 18.7821 -140  3 
 17.8288 -143.636  3 
 16.9112 -147.273  3 
 16.3636 -149.982  3 
 16.1571 -150.909  3 
 15.6783 -154.545  3 
 15.645 -158.182  3 
 16.2118 -161.818  3 
 16.3636 -162.276  3 
 17.4081 -165.455  3 
 19.2786 -169.091  3 
 20 -170.174  3 
 21.6599 -172.727  3 
 23.6364 -175.363  3 
 24.3676 -176.364  3 
 27.0868 -180  3 

 44.0196 -1.81818  3 
 41.8182 -0.0981995  3 
 39.6212  1.81818  3 
 38.1818  3.13514  3 
 35.6946  5.45455  3 
 34.5455  6.48906  3 
 31.4111  9.09091  3 
 30.9091  9.4791  3 
 27.2727  12.1431  3 
 26.4788  12.7273  3 
 23.6364  14.6505  3 
 21.221  16.3636  3 
 20  17.2016  3 
 16.4475  20  3 
 16.3636  20.0722  3 
 12.7273  23.1575  3 
 12.1027  23.6364  3 
 9.09091  25.9873  3 
 7.25355  27.2727  3 
 5.45455  28.5218  3 
 1.81818  30.8806  3 
 1.77402  30.9091  3 
-1.81818  33.1508  3 
-4.15152  34.5455  3 
-5.45455  35.3339  3 
-9.09091  37.3601  3 
-10.8289  38.1818  3 
-12.7273  39.1599  3 
-16.3636  40.7453  3 
-18.9552  41.8182  3 
-20  42.3471  3 
-23.6364  44.3759  3 
-25.6247  45.4545  3 
-27.2727  46.3901  3 
-30.9091  48.1606  3 
-33.3218  49.0909  3 
-34.5455  49.5576  3 
-38.1818  50.514  3 
-41.8182  51.0627  3 
-45.4545  51.1607  3 
-49.0909  50.413  3 
-50.936  49.0909  3 
-52.7035  45.4545  3 
-52.7273  45.2318  3 
-52.978  41.8182  3 
-52.7273  38.3732  3 
-52.7142  38.1818  3 
-52.015  34.5455  3 
-50.9425  30.9091  3 
-49.5389  27.2727  3 
-49.0909  26.2991  3 
-47.8595  23.6364  3 
-46.0456  20  3 
-45.4545  18.8492  3 
-44.2784  16.3636  3 
-42.4827  12.7273  3 
-41.8182  11.5606  3 
-40.5181  9.09091  3 
-38.2262  5.45455  3 
-38.1818  5.39078  3 
-35.7953  1.81818  3 
-34.5455  0.00323825  3 
-33.2561 -1.81818  3 
-30.9091 -5.02173  3 
-30.5804 -5.45455  3 
-27.6917 -9.09091  3 
-27.2727 -9.57187  3 
-24.5354 -12.7273  3 
-23.6364 -13.6542  3 
-21.102 -16.3636  3 
-20 -17.4874  3 
-17.7534 -20  3 
-16.3636 -21.7004  3 
-14.737 -23.6364  3 
-12.7273 -26.0955  3 
-11.6881 -27.2727  3 
-9.09091 -30.1905  3 
-8.41334 -30.9091  3 
-5.45455 -33.898  3 
-4.79886 -34.5455  3 
-1.81818 -37.3608  3 
-0.972817 -38.1818  3 
 1.81818 -41.15  3 
 2.43174 -41.8182  3 
 5.39496 -45.4545  3 
 5.45455 -45.5343  3 
 8.37438 -49.0909  3 
 9.09091 -49.9808  3 
 11.5233 -52.7273  3 
 12.7273 -54.0356  3 
 14.9868 -56.3636  3 
 16.3636 -57.705  3 
 18.7814 -60  3 
 20 -61.1236  3 
 22.781 -63.6364  3 
 23.6364 -64.4373  3 
 26.6741 -67.2727  3 
 27.2727 -67.9013  3 
 30.1097 -70.9091  3 

 116.808 -180  3 
 118.182 -179.094  3 
 121.818 -176.443  3 
 121.917 -176.364  3 
 125.455 -173.486  3 
 126.281 -172.727  3 
 129.091 -170.018  3 
 129.963 -169.091  3 
 132.727 -165.876  3 
 133.07 -165.455  3 
 135.726 -161.818  3 
 136.364 -160.833  3 
 138.081 -158.182  3 
 140 -154.901  3 
 140.214 -154.545  3 
 142.181 -150.909  3 
 143.636 -147.999  3 
 144.013 -147.273  3 
 145.81 -143.636  3 
 147.273 -140.74  3 
 147.65 -140  3 
 149.526 -136.364  3 
 150.909 -133.744  3 
 151.424 -132.727  3 
 153.303 -129.091  3 
 154.545 -126.793  3 
 155.214 -125.455  3 
 157.075 -121.818  3 
 158.182 -119.597  3 
 158.798 -118.182  3 
 160.259 -114.545  3 
 161.656 -110.909  3 
 161.818 -110.465  3 
 162.84 -107.273  3 
 163.872 -103.636  3 
 164.688 -100  3 
 165.242 -96.3636  3 
 165.455 -94.0961  3 
 165.571 -92.7273  3 
 165.717 -89.0909  3 
 165.699 -85.4545  3 
 165.486 -81.8182  3 
 165.455 -81.5752  3 
 164.961 -78.1818  3 
 164.134 -74.5455  3 
 163.126 -70.9091  3 
 162.049 -67.2727  3 
 161.818 -66.4996  3 
 160.748 -63.6364  3 
 159.278 -60  3 
 158.182 -57.7117  3 
 157.291 -56.3636  3 
 154.771 -52.7273  3 
 154.545 -52.4095  3 
 151.224 -49.0909  3 
 150.909 -48.8012  3 
 147.273 -46.4239  3 
 145.326 -45.4545  3 
 143.636 -44.7075  3 
 140 -43.3094  3 
 136.364 -41.9382  3 
 136.033 -41.8182  3 
 132.727 -40.708  3 
 129.091 -39.6862  3 
 125.455 -38.9587  3 
 121.818 -38.6095  3 
 118.182 -38.7431  3 
 114.545 -39.3387  3 
 110.909 -40.2534  3 
 107.273 -41.3656  3 
 105.867 -41.8182  3 
 103.636 -42.568  3 
 100 -43.6969  3 
 96.3636 -44.5667  3 
 92.7273 -44.996  3 
 89.0909 -44.7613  3 
 85.4545 -43.6217  3 
 82.4972 -41.8182  3 
 81.8182 -41.4361  3 
 78.1818 -38.3145  3 
 78.0638 -38.1818  3 
 74.5615 -34.5455  3 
 74.5455 -34.5301  3 
 71.3487 -30.9091  3 
 70.9091 -30.4321  3 
 68.2985 -27.2727  3 
 67.2727 -26.0491  3 
 65.3505 -23.6364  3 
 63.6364 -21.4965  3 
 62.433 -20  3 
 60 -16.9813  3 
 59.4776 -16.3636  3 
 56.3648 -12.7273  3 
 52.8453 -9.09091  3 
 52.7273 -8.97916  3 
 49.0909 -5.81007  3 
 48.6759 -5.45455  3 
 45.4545 -2.95855  3 
 44.0196 -1.81818  3 

 118.451  180  3 
 118.182  179.781  3 
 114.545  177.263  3 
 113.111  176.364  3 
 110.909  175.116  3 
 107.273  173.214  3 
 106.276  172.727  3 
 103.636  171.515  3 
 100  169.948  3 
 97.93  169.091  3 
 96.3636  168.448  3 
 92.7273  167.003  3 
 89.0909  165.65  3 
 88.4841  165.455  3 
 85.4545  164.459  3 
 81.8182  163.514  3 
 78.1818  162.862  3 
 74.5455  162.52  3 
 70.9091  162.476  3 
 67.2727  162.702  3 
 63.6364  163.152  3 
 60  163.74  3 
 56.3636  164.401  3 
 52.7273  165.213  3 
 51.8529  165.455  3 
 49.0909  166.234  3 
 45.4545  167.508  3 
 41.8182  169.075  3 
 41.7868  169.091  3 
 38.1818  171.02  3 
 35.5256  172.727  3 
 34.5455  173.424  3 
 30.9237  176.364  3 
 30.9091  176.377  3 
 27.2727  179.918  3 
 27.1893  180  3 


# Contour 4, label:        0
-41.8182 -8.00112  0 
-43.5198 -5.45455  0 
-45.4545 -2.65598  0 
-46.0715 -1.81818  0 
-48.7922  1.81818  0 
-49.0909  2.23399  0 
-51.4654  5.45455  0 
-52.7273  7.3548  0 
-53.8862  9.09091  0 
-56.0797  12.7273  0 
-56.3636  13.2338  0 
-58.1231  16.3636  0 
-60  20  0 
-61.7865  23.6364  0 
-63.377  27.2727  0 
-63.6364  27.9366  0 
-64.847  30.9091  0 
-66.1839  34.5455  0 
-67.2727  37.6228  0 
-67.4834  38.1818  0 
-68.8662  41.8182  0 
-70.2948  45.4545  0 
-70.9091  47.0646  0 
-71.7678  49.0909  0 
-73.1223  52.7273  0 
-74.2334  56.3636  0 
-74.5455  57.5462  0 
-75.3837  60  0 
-77.0378  63.6364  0 
-78.1818  65.3788  0 
-80.6484  67.2727  0 
-81.8182  68.0506  0 
-85.4545  69.3202  0 
-89.0909  69.9052  0 
-92.7273  69.8864  0 
-96.3636  69.0797  0 
-100  67.4406  0 
-100.338  67.2727  0 
-103.636  65.8521  0 
-107.273  64.7775  0 
-110.909  64.182  0 
-114.545  64.027  0 
-118.182  64.365  0 
-121.818  65.3788  0 
-125.071  67.2727  0 
-125.455  67.5407  0 
-128.193  70.9091  0 
-129.091  72.2753  0 
-130.139  74.5455  0 
-132.007  78.1818  0 
-132.727  79.1401  0 
-134.711  81.8182  0 
-136.364  83.2125  0 
-140  85.233  0 
-140.942  85.4545  0 
-143.636  86.0952  0 
-147.273  86.5084  0 
-150.909  87.1265  0 
-154.219  89.0909  0 
-154.545  89.3944  0 
-156.338  92.7273  0 
-157.354  96.3636  0 
-157.626  100  0 
-157.189  103.636  0 
-156.304  107.273  0 
-155.112  110.909  0 
-154.545  112.338  0 
-153.626  114.545  0 
-151.938  118.182  0 
-150.909  120.302  0 
-150.147  121.818  0 
-148.34  125.455  0 
-147.273  127.623  0 
-146.562  129.091  0 
-144.739  132.727  0 
-143.636  134.779  0 
-142.797  136.364  0 
-140.663  140  0 
-140  140.999  0 
-138.23  143.636  0 
-136.364  146.241  0 
-135.629  147.273  0 
-132.944  150.909  0 
-132.727  151.195  0 
-130.21  154.545  0 
-129.091  156.014  0 
-127.436  158.182  0 
-125.455  160.722  0 
-124.576  161.818  0 
-121.818  165.148  0 
-121.548  165.455  0 
-118.304  169.091  0 
-118.182  169.23  0 
-114.834  172.727  0 
-114.545  173.035  0 
-111.12  176.364  0 
-110.909  176.576  0 
-107.273  179.918  0 
-107.176  180  0 

-106.902 -180  0 
-104.663 -176.364  0 
-103.636 -174.992  0 
-101.842 -172.727  0 
-100 -170.753  0 
-98.3265 -169.091  0 
-96.3636 -167.385  0 
-93.8952 -165.455  0 
-92.7273 -164.629  0 
-89.0909 -162.384  0 
-88.0104 -161.818  0 
-85.4545 -160.566  0 
-81.8182 -159.091  0 
-79.1056 -158.182  0 
-78.1818 -157.883  0 
-74.5455 -156.929  0 
-70.9091 -156.205  0 
-67.2727 -155.7  0 
-63.6364 -155.409  0 
-60 -155.333  0 
-56.3636 -155.466  0 
-52.7273 -155.761  0 
-49.0909 -156.155  0 
-45.4545 -156.583  0 
-41.8182 -156.968  0 
-38.1818 -157.2  0 
-34.5455 -157.205  0 
-30.9091 -156.966  0 
-27.2727 -156.427  0 
-23.6364 -155.502  0 
-21.1306 -154.545  0 
-20 -154.111  0 
-16.3636 -152.197  0 
-14.5844 -150.909  0 
-12.7273 -149.576  0 
-10.2514 -147.273  0 
-9.09091 -146.208  0 
-6.83034 -143.636  0 
-5.45455 -142.064  0 
-3.95746 -140  0 
-1.81818 -136.911  0 
-1.49941 -136.364  0 
 0.543026 -132.727  0 
 1.81818 -130.296  0 
 2.36917 -129.091  0 
 3.95514 -125.455  0 
 5.42964 -121.818  0 
 5.45455 -121.754  0 
 6.73926 -118.182  0 
 8.07123 -114.545  0 
 9.09091 -111.952  0 
 9.49315 -110.909  0 
 11.0177 -107.273  0 
 12.712 -103.636  0 
 12.7273 -103.604  0 
 14.3642 -100  0 
 15.9096 -96.3636  0 
 16.3636 -95.073  0 
 17.128 -92.7273  0 
 17.9656 -89.0909  0 
 18.298 -85.4545  0 
 17.9059 -81.8182  0 
 16.4912 -78.1818  0 
 16.3636 -77.9894  0 
 14.0146 -74.5455  0 
 12.7273 -73.0874  0 
 10.8047 -70.9091  0 
 9.09091 -69.237  0 
 7.10878 -67.2727  0 
 5.45455 -65.7359  0 
 3.32852 -63.6364  0 
 1.81818 -62.0887  0 
 0.135021 -60  0 
-1.81818 -56.9552  0 
-2.14804 -56.3636  0 
-4.19492 -52.7273  0 
-5.45455 -50.7743  0 
-6.59898 -49.0909  0 
-9.09091 -46.0381  0 
-9.61316 -45.4545  0 
-12.7273 -42.3453  0 
-13.2796 -41.8182  0 
-16.3636 -38.7442  0 
-16.8665 -38.1818  0 
-19.581 -34.5455  0 
-20 -33.9543  0 
-22.0077 -30.9091  0 
-23.6364 -28.6622  0 
-24.7087 -27.2727  0 
-27.2727 -24.3731  0 
-28.008 -23.6364  0 
-30.9091 -20.9142  0 
-31.9622 -20  0 
-34.5455 -17.5536  0 
-35.7266 -16.3636  0 
-38.1818 -13.3642  0 
-38.6407 -12.7273  0 
-41.1037 -9.09091  0 
-41.8182 -8.00112  0 

 16.3636  160.434  0 
 20  158.953  0 
 21.5732  158.182  0 
 23.6364  157.223  0 
 27.2727  155.508  0 
 29.444  154.545  0 
 30.9091  153.936  0 
 34.5455  152.506  0 
 38.1818  151.227  0 
 39.1582  150.909  0 
 41.8182  150.061  0 
 45.4545  149.003  0 
 49.0909  148.051  0 
 52.4071  147.273  0 
 52.7273  147.197  0 
 56.3636  146.442  0 
 60  145.836  0 
 63.6364  145.432  0 
 67.2727  145.234  0 
 70.9091  145.234  0 
 74.5455  145.446  0 
 78.1818  145.911  0 
 81.8182  146.676  0 
 83.8702  147.273  0 
 85.4545  147.723  0 
 89.0909  149.01  0 
 92.7273  150.535  0 
 93.535  150.909  0 
 96.3636  152.205  0 
 100  153.999  0 
 101.099  154.545  0 
 103.636  155.734  0 
 107.273  157.471  0 
 108.629  158.182  0 
 110.909  159.288  0 
 114.545  161.316  0 
 115.339  161.818  0 
 118.182  163.494  0 
 121.171  165.455  0 
 121.818  165.87  0 
 125.455  168.494  0 
 126.19  169.091  0 
 129.091  171.523  0 
 130.399  172.727  0 
 132.727  175.036  0 
 133.992  176.364  0 
 136.364  179.128  0 
 137.083  180  0 

 59.4976  1.81818  0 
 56.3636  3.91871  0 
 54.0197  5.45455  0 
 52.7273  6.31819  0 
 49.0909  9.00579  0 
 48.986  9.09091  0 
 45.4545  12.2187  0 
 44.9108  12.7273  0 
 41.8182  15.7572  0 
 41.1291  16.3636  0 
 38.1818  18.6907  0 
 35.9617  20  0 
 34.5455  20.7155  0 
 30.9091  22.5579  0 
 28.9434  23.6364  0 
 27.2727  24.6096  0 
 23.6364  27.1041  0 
 23.4225  27.2727  0 
 20  30.1557  0 
 19.1112  30.9091  0 
 16.3636  33.1994  0 
 14.501  34.5455  0 
 12.7273  35.7225  0 
 9.09091  37.84  0 
 8.46916  38.1818  0 
 5.45455  39.8337  0 
 1.81818  41.8069  0 
 1.79926  41.8182  0 
-1.81818  44.2083  0 
-3.68982  45.4545  0 
-5.45455  46.727  0 
-8.94649  49.0909  0 
-9.09091  49.1971  0 
-12.7273  51.736  0 
-14.2188  52.7273  0 
-16.3636  54.244  0 
-19.5838  56.3636  0 
-20  56.6461  0 
-23.6364  58.8231  0 
-25.9718  60  0 
-27.2727  60.6795  0 
-30.9091  62.3324  0 
-34.1349  63.6364  0 
-34.5455  63.8235  0 
-38.1818  65.5019  0 
-41.5553  67.2727  0 
-41.8182  67.4291  0 
-45.4545  69.7599  0 
-47.2697  70.9091  0 
-49.0909  72.3207  0 
-52.3707  74.5455  0 
-52.7273  74.9134  0 
-56.3636  77.8657  0 
-56.8332  78.1818  0 
-58.1721  81.8182  0 
-56.3636  85.0775  0 
-56.2012  85.4545  0 
-52.9492  89.0909  0 
-52.7273  89.2785  0 
-49.3066  92.7273  0 
-49.0909  92.9215  0 
-45.5856  96.3636  0 
-45.4545  96.4886  0 
-41.8796  100  0 
-41.8182  100.061  0 
-38.2916  103.636  0 
-38.1818  103.752  0 
-34.9384  107.273  0 
-34.5455  107.724  0 
-31.9008  110.909  0 
-30.9091  112.191  0 
-29.1745  114.545  0 
-27.2727  117.293  0 
-26.6773  118.182  0 
-24.2814  121.818  0 
-23.6364  122.798  0 
-21.8403  125.455  0 
-20  128.231  0 
-19.4095  129.091  0 
-17.0752  132.727  0 
-16.3636  133.967  0 
-14.9348  136.364  0 
-13.1086  140  0 
-12.7273  140.952  0 
-11.4956  143.636  0 
-10.0516  147.273  0 
-9.09091  149.909  0 
-8.62697  150.909  0 
-6.96164  154.545  0 
-5.45455  157.354  0 
-4.79061  158.182  0 
-1.81818  161.187  0 
-0.536149  161.818  0 
 1.81818  162.761  0 
 5.45455  163.053  0 
 9.09091  162.592  0 
 12.1113  161.818  0 
 12.7273  161.677  0 
 16.3636  160.434  0 

 137.03 -180  0 
 140 -176.645  0 
 140.243 -176.364  0 
 143.332 -172.727  0 
 143.636 -172.354  0 
 146.266 -169.091  0 
 147.273 -167.771  0 
 149.045 -165.455  0 
 150.909 -162.856  0 
 151.653 -161.818  0 
 154.055 -158.182  0 
 154.545 -157.373  0 
 156.203 -154.545  0 
 158.16 -150.909  0 
 158.182 -150.868  0 
 159.935 -147.273  0 
 161.637 -143.636  0 
 161.818 -143.239  0 
 163.171 -140  0 
 164.613 -136.364  0 
 165.455 -134.246  0 
 166.022 -132.727  0 
 167.395 -129.091  0 
 168.753 -125.455  0 
 169.091 -124.526  0 
 170.024 -121.818  0 
 171.21 -118.182  0 
 172.321 -114.545  0 
 172.727 -113.101  0 
 173.327 -110.909  0 
 174.198 -107.273  0 
 174.922 -103.636  0 
 175.5 -100  0 
 175.946 -96.3636  0 
 176.243 -92.7273  0 
 176.364 -89.1201  0 
 176.365 -89.0909  0 
 176.364 -89.0322  0 
 176.304 -85.4545  0 
 176.072 -81.8182  0 
 175.695 -78.1818  0 
 175.18 -74.5455  0 
 174.523 -70.9091  0 
 173.758 -67.2727  0 
 172.942 -63.6364  0 
 172.727 -62.6629  0 
 172.115 -60  0 
 171.294 -56.3636  0 
 170.443 -52.7273  0 
 169.519 -49.0909  0 
 169.091 -47.5461  0 
 168.447 -45.4545  0 
 167.187 -41.8182  0 
 165.668 -38.1818  0 
 165.455 -37.746  0 
 163.542 -34.5455  0 
 161.818 -32.0293  0 
 160.802 -30.9091  0 
 158.182 -28.1126  0 
 157.083 -27.2727  0 
 154.545 -25.3424  0 
 151.188 -23.6364  0 
 150.909 -23.4952  0 
 147.273 -22.2506  0 
 143.636 -21.4092  0 
 140 -20.7212  0 
 136.722 -20  0 
 136.364 -19.9176  0 
 132.727 -19.1087  0 
 129.091 -18.4472  0 
 125.455 -18.0041  0 
 121.818 -17.8577  0 
 118.182 -18.105  0 
 114.545 -18.7392  0 
 110.909 -19.636  0 
 109.645 -20  0 
 107.273 -20.6752  0 
 103.636 -21.7448  0 
 100 -22.7338  0 
 96.3636 -23.5141  0 
 95.3008 -23.6364  0 
 92.7273 -23.9257  0 
 89.0909 -23.8317  0 
 88.1126 -23.6364  0 
 85.4545 -23.1114  0 
 81.8182 -21.6552  0 
 79.2962 -20  0 
 78.1818 -19.2126  0 
 75.2514 -16.3636  0 
 74.5455 -15.6695  0 
 72.0173 -12.7273  0 
 70.9091 -11.4407  0 
 69.0778 -9.09091  0 
 67.2727 -6.79324  0 
 66.2566 -5.45455  0 
 63.6364 -2.18107  0 
 63.3293 -1.81818  0 
 60  1.42959  0 
 59.4976  1.81818  0 

