
# Surface 0 of 1 surfaces

# Curve title: "filename using 2:3:(($4 - Z_min)*Eh2meV)"

# Contour 0, label:      600
 43.4097 -38.7342  600 
 43.2911 -39.3659  600 
 40.4731 -43.2911  600 
 38.7342 -43.7828  600 
 36.9955 -43.2911  600 
 34.1772 -42.231  600 
 29.6203 -39.5598  600 
 28.3736 -38.7342  600 
 25.0633 -36.6517  600 
 20.5162 -34.1772  600 
 20.5063 -34.1725  600 
 15.9494 -31.4884  600 
 13.3065 -29.6203  600 
 11.3924 -28.1526  600 
 7.98303 -25.0633  600 
 6.83544 -23.8943  600 
 3.59656 -20.5063  600 
 2.27848 -19.179  600 
-1.19168 -15.9494  600 
-2.27848 -15.0117  600 
-6.25855 -11.3924  600 
-6.83544 -10.8485  600 
-10.5699 -6.83544  600 
-11.3924 -5.82138  600 
-14.1624 -2.27848  600 
-15.9494  0.13027  600 
-17.6783  2.27848  600 
-20.5063  5.48496  600 
-21.773  6.83544  600 
-25.0633  10.4601  600 
-25.8342  11.3924  600 
-28.9778  15.9494  600 
-29.6203  17.2545  600 
-31.1902  20.5063  600 
-32.9122  25.0633  600 
-34.1772  28.7858  600 
-34.5054  29.6203  600 
-34.9165  34.1772  600 
-34.1772  34.9283  600 
-29.6203  34.5561  600 
-28.6478  34.1772  600 
-25.0633  32.9719  600 
-20.5063  31.2295  600 
-17.1766  29.6203  600 
-15.9494  29.0209  600 
-11.3924  25.9393  600 
-10.2928  25.0633  600 
-6.83544  22.0444  600 
-5.12061  20.5063  600 
-2.27848  18.0206  600 
 0.187815  15.9494  600 
 2.27848  14.3001  600 
 5.67441  11.3924  600 
 6.83544  10.3728  600 
 10.3518  6.83544  600 
 11.3924  5.66232  600 
 14.2978  2.27848  600 
 15.9494  0.296  600 
 18.2858 -2.27848  600 
 20.5063 -4.49615  600 
 22.976 -6.83544  600 
 25.0633 -8.87044  600 
 27.3664 -11.3924  600 
 29.6203 -14.3127  600 
 30.7779 -15.9494  600 
 33.3878 -20.5063  600 
 34.1772 -22.0712  600 
 35.8703 -25.0633  600 
 38.7342 -29.4513  600 
 38.8505 -29.6203  600 
 41.4885 -34.1772  600 
 43.2911 -38.3726  600 
 43.4097 -38.7342  600 


# Contour 1, label:      400
 20.5063  24.2661  400 
 24.4208  20.5063  400 
 25.0633  19.9338  400 
 29.5534  15.9494  400 
 29.6203  15.8882  400 
 34.1772  11.4874  400 
 34.2677  11.3924  400 
 38.4743  6.83544  400 
 38.7342  6.54607  400 
 42.5948  2.27848  400 
 43.2911  1.52746  400 
 46.9221 -2.27848  400 
 47.8481 -3.29987  400 
 50.927 -6.83544  400 
 52.4051 -8.74451  400 
 54.2854 -11.3924  400 
 56.962 -15.557  400 
 57.1944 -15.9494  400 
 59.8313 -20.5063  400 
 61.519 -23.4887  400 
 62.3711 -25.0633  400 
 64.6616 -29.6203  400 
 66.0759 -32.7057  400 
 66.7219 -34.1772  400 
 68.6254 -38.7342  400 
 70.4858 -43.2911  400 
 70.6329 -43.6714  400 
 72.1487 -47.8481  400 
 73.5909 -52.4051  400 
 74.7739 -56.962  400 
 75.1899 -58.9409  400 
 75.7558 -61.519  400 
 76.622 -66.0759  400 
 77.1675 -70.6329  400 
 76.5347 -75.1899  400 

 76.5347 -75.1899  400 
 75.1899 -76.5951  400 
 70.6329 -77.4261  400 
 66.0759 -76.9945  400 
 61.519 -76.2213  400 
 56.962 -75.3547  400 
 56.266 -75.1899  400 
 52.4051 -74.2719  400 
 47.8481 -72.9386  400 
 43.2911 -71.4009  400 
 41.1856 -70.6329  400 
 38.7342 -69.6743  400 
 34.1772 -67.8147  400 
 30.2476 -66.0759  400 
 29.6203 -65.7829  400 
 25.0633 -63.4493  400 
 21.632 -61.519  400 
 20.5063 -60.8625  400 
 15.9494 -58.2441  400 
 13.7875 -56.962  400 
 11.3924 -55.4254  400 
 7.18292 -52.4051  400 
 6.83544 -52.1316  400 
 2.27848 -48.0618  400 
 2.06152 -47.8481  400 
-2.27848 -43.5489  400 
-2.54127 -43.2911  400 
-6.83544 -39.3107  400 
-7.46143 -38.7342  400 
-11.3924 -35.0799  400 
-12.3323 -34.1772  400 
-15.9494 -30.4743  400 
-16.755 -29.6203  400 
-20.5063 -25.4626  400 
-20.8775 -25.0633  400 
-25.0633 -20.7046  400 
-25.261 -20.5063  400 
-29.6203 -16.2331  400 
-29.8973 -15.9494  400 
-34.1582 -11.3924  400 
-34.1772 -11.3711  400 
-38.0213 -6.83544  400 
-38.7342 -5.97292  400 
-41.7944 -2.27848  400 
-43.2911 -0.50494  400 
-45.6874  2.27848  400 
-47.8481  4.93295  400 
-49.3415  6.83544  400 
-52.4051  11.2482  400 
-52.4983  11.3924  400 
-55.2367  15.9494  400 
-56.962  18.9575  400 
-57.8168  20.5063  400 
-60.3923  25.0633  400 
-61.519  27.1727  400 
-62.7971  29.6203  400 
-64.9486  34.1772  400 
-66.0759  36.696  400 
-66.9534  38.7342  400 
-68.861  43.2911  400 
-70.6329  47.7886  400 
-70.6548  47.8481  400 
-72.0716  52.4051  400 
-73.1134  56.962  400 
-73.7535  61.519  400 
-73.9026  66.0759  400 
-72.7418  70.6329  400 
-70.6329  72.6123  400 
-66.0759  73.5687  400 
-61.519  73.3602  400 
-56.962  72.7055  400 
-52.4051  71.6664  400 
-49.0695  70.6329  400 
-47.8481  70.23  400 
-43.2911  68.4658  400 
-38.7342  66.5991  400 
-37.4783  66.0759  400 
-34.1772  64.6571  400 
-29.6203  62.6098  400 
-27.4202  61.519  400 
-25.0633  60.3153  400 
-20.5063  57.79  400 
-19.0496  56.962  400 
-15.9494  55.1036  400 
-11.7562  52.4051  400 
-11.3924  52.1544  400 
-6.83544  48.7412  400 
-5.76194  47.8481  400 
-2.27848  44.8581  400 
-0.515914  43.2911  400 
 2.27848  40.9045  400 
 4.92008  38.7342  400 
 6.83544  37.1881  400 
 10.4378  34.1772  400 
 11.3924  33.3291  400 
 15.3357  29.6203  400 
 15.9494  29.0001  400 
 19.753  25.0633  400 
 20.5063  24.2661  400 


# Contour 2, label:      200
-84.3038  102.146  200 
-81.1456  102.532  200 
-79.7468  102.739  200 
-77.9163  102.532  200 
-75.1899  102.31  200 
-70.6329  100.997  200 
-66.0759  98.7793  200 
-64.7616  97.9747  200 
-61.519  96.4208  200 
-56.962  94.3376  200 
-54.8457  93.4177  200 
-52.4051  92.4804  200 
-47.8481  90.7717  200 
-43.2911  89.0675  200 
-42.7157  88.8608  200 
-38.7342  87.5324  200 
-34.1772  86.0457  200 
-29.6203  84.5346  200 
-28.9456  84.3038  200 
-25.0633  83.0114  200 
-20.5063  81.3185  200 
-16.9469  79.7468  200 
-15.9494  79.3001  200 
-11.3924  77.0574  200 
-7.95235  75.1899  200 
-6.83544  74.5932  200 
-2.27848  71.9858  200 
-0.147857  70.6329  200 
 2.27848  69.0704  200 
 6.25447  66.0759  200 
 6.83544  65.609  200 
 11.3924  61.5688  200 
 11.4467  61.519  200 
 15.9494  57.4791  200 
 16.5755  56.962  200 
 20.5063  53.9595  200 
 22.7709  52.4051  200 
 25.0633  50.8225  200 
 29.4063  47.8481  200 
 29.6203  47.6924  200 
 34.1772  44.4262  200 
 35.6992  43.2911  200 
 38.7342  40.7969  200 
 40.9795  38.7342  200 
 43.2911  36.3806  200 
 45.2264  34.1772  200 
 47.8481  31.0385  200 
 48.9404  29.6203  200 
 52.3329  25.0633  200 
 52.4051  24.969  200 
 55.7541  20.5063  200 
 56.962  19.0526  200 
 59.7378  15.9494  200 
 61.519  14.1087  200 
 64.1546  11.3924  200 
 66.0759  9.29722  200 
 68.1422  6.83544  200 
 70.6329  3.4071  200 
 71.4002  2.27848  200 
 74.1483 -2.27848  200 
 75.1899 -4.18621  200 
 76.6442 -6.83544  200 
 78.9402 -11.3924  200 
 79.7468 -13.114  200 
 81.0591 -15.9494  200 
 82.903 -20.5063  200 
 84.3038 -24.5924  200 
 84.4666 -25.0633  200 
 85.9403 -29.6203  200 
 87.3449 -34.1772  200 
 88.7493 -38.7342  200 
 88.8608 -39.0771  200 
 90.3076 -43.2911  200 
 91.9211 -47.8481  200 
 93.4177 -52.0069  200 
 93.5779 -52.4051  200 
 95.4615 -56.962  200 
 97.459 -61.519  200 
 97.9747 -62.6165  200 
 99.9903 -66.0759  200 
 102.157 -70.6329  200 
 102.532 -71.8712  200 
 103.845 -75.1899  200 
 104.568 -79.7468  200 
 104.214 -84.3038  200 

 104.214 -84.3038  200 
 102.532 -88.8485  200 
 102.527 -88.8608  200 
 99.5898 -93.4177  200 
 97.9747 -95.0754  200 
 94.7456 -97.9747  200 
 93.4177 -98.9876  200 
 88.8608 -101.495  200 
 85.2291 -102.532  200 
 84.3038 -102.805  200 
 79.7468 -103.191  200 
 75.1899 -102.661  200 
 74.7876 -102.532  200 
 70.6329 -101.447  200 
 66.0759 -99.5681  200 
 62.9399 -97.9747  200 
 61.519 -97.3692  200 
 56.962 -95.5293  200 
 52.4051 -93.7868  200 
 51.4132 -93.4177  200 
 47.8481 -92.2156  200 
 43.2911 -90.7371  200 
 38.7342 -89.344  200 
 37.0316 -88.8608  200 
 34.1772 -88.0755  200 
 29.6203 -86.8479  200 
 25.0633 -85.551  200 
 21.1836 -84.3038  200 
 20.5063 -84.0834  200 
 15.9494 -82.3327  200 
 11.3924 -80.2532  200 
 10.3728 -79.7468  200 
 6.83544 -77.9699  200 
 2.27848 -75.4991  200 
 1.73183 -75.1899  200 
-2.27848 -72.8675  200 
-5.63314 -70.6329  200 
-6.83544 -69.7665  200 
-11.265 -66.0759  200 
-11.3924 -65.958  200 
-15.9036 -61.519  200 
-15.9494 -61.4729  200 
-20.5063 -57.165  200 
-20.7478 -56.962  200 
-25.0633 -53.4762  200 
-26.4136 -52.4051  200 
-29.6203 -49.8264  200 
-32.0526 -47.8481  200 
-34.1772 -46.0231  200 
-37.2505 -43.2911  200 
-38.7342 -41.8468  200 
-41.6206 -38.7342  200 
-43.2911 -36.7397  200 
-45.2297 -34.1772  200 
-47.8481 -30.5659  200 
-48.4868 -29.6203  200 
-51.5742 -25.0633  200 
-52.4051 -23.8666  200 
-54.7111 -20.5063  200 
-56.962 -17.5623  200 
-58.2935 -15.9494  200 
-61.519 -12.3432  200 
-62.3841 -11.3924  200 
-66.0759 -7.10432  200 
-66.2928 -6.83544  200 
-69.6012 -2.27848  200 
-70.6329 -0.620926  200 
-72.4182  2.27848  200 
-74.9873  6.83544  200 
-75.1899  7.20942  200 
-77.4992  11.3924  200 
-79.7468  15.8081  200 
-79.8177  15.9494  200 
-81.8344  20.5063  200 
-83.4347  25.0633  200 
-84.3038  27.8401  200 
-84.8635  29.6203  200 
-86.2536  34.1772  200 
-87.6596  38.7342  200 
-88.8608  42.4101  200 
-89.1658  43.2911  200 
-90.8525  47.8481  200 
-92.5718  52.4051  200 
-93.4177  54.611  200 
-94.429  56.962  200 
-96.4368  61.519  200 
-97.9747  64.95  200 
-98.6037  66.0759  200 
-100.588  70.6329  200 
-101.725  75.1899  200 
-101.983  79.7468  200 
-101.398  84.3038  200 
-99.6873  88.8608  200 
-97.9747  91.4731  200 
-96.6069  93.4177  200 
-93.4177  96.8321  200 
-91.9828  97.9747  200 
-88.8608  100.333  200 
-84.3038  102.146  200 


# Contour 3, label:      100
-79.9977 -11.3924  100 
-79.7468 -11.8209  100 
-77.2209 -15.9494  100 
-75.1899 -19.0632  100 
-74.1742 -20.5063  100 
-71.213 -25.0633  100 
-70.6329 -26.1717  100 
-68.7967 -29.6203  100 
-66.8863 -34.1772  100 
-66.0759 -37.6814  100 
-65.8217 -38.7342  100 

-65.8217 -38.7342  100 
-66.0759 -40.4546  100 
-66.9033 -43.2911  100 
-70.6329 -46.0006  100 
-75.1899 -47.5046  100 
-76.598 -47.8481  100 
-79.7468 -48.4382  100 
-84.3038 -49.3723  100 
-88.8608 -50.4715  100 
-93.4177 -51.6696  100 
-96.1795 -52.4051  100 
-97.9747 -52.9335  100 
-102.532 -54.324  100 
-107.089 -55.7865  100 
-111.059 -56.962  100 
-111.646 -57.1913  100 
-116.203 -58.6291  100 
-120.759 -59.9172  100 
-125.316 -61.2928  100 
-126.303 -61.519  100 
-129.873 -62.7689  100 
-134.43 -63.5371  100 
-138.987 -63.3175  100 
-143.544 -62.0842  100 
-144.628 -61.519  100 
-148.101 -60.175  100 
-152.658 -57.3214  100 
-153.1 -56.962  100 
-157.215 -53.984  100 
-159.118 -52.4051  100 
-161.772 -50.0424  100 
-164.045 -47.8481  100 
-166.329 -44.7684  100 
-167.409 -43.2911  100 
-168.625 -38.7342  100 
-167.682 -34.1772  100 
-166.329 -31.4179  100 
-165.597 -29.6203  100 
-163.257 -25.0633  100 
-161.772 -22.1007  100 
-161.092 -20.5063  100 
-159.453 -15.9494  100 
-158.255 -11.3924  100 
-157.524 -6.83544  100 
-157.348 -2.27848  100 
-157.884  2.27848  100 
-159.088  6.83544  100 
-160.718  11.3924  100 
-161.772  13.9545  100 
-162.74  15.9494  100 
-165.282  20.5063  100 
-166.329  22.2765  100 
-168.3  25.0633  100 
-170.886  29.1332  100 
-171.252  29.6203  100 
-173.785  34.1772  100 
-175.016  38.7342  100 
-173.73  43.2911  100 
-170.886  46.5457  100 
-169.713  47.8481  100 
-166.329  50.4755  100 
-163.564  52.4051  100 
-161.772  53.5516  100 
-157.215  56.351  100 
-156.15  56.962  100 
-152.658  59.6487  100 
-148.924  61.519  100 
-148.101  62.4283  100 
-143.544  64.7506  100 
-138.987  64.9986  100 
-134.43  64.2816  100 
-129.873  62.7347  100 
-127.527  61.519  100 
-125.316  60.8419  100 
-120.759  58.8898  100 
-116.771  56.962  100 
-116.203  56.729  100 
-111.646  53.9557  100 
-109.973  52.4051  100 
-107.089  49.6257  100 
-105.82  47.8481  100 
-102.732  43.2911  100 
-102.532  42.9496  100 
-100.672  38.7342  100 
-99.0765  34.1772  100 
-97.9747  30.6816  100 
-97.6914  29.6203  100 
-96.4735  25.0633  100 
-95.1222  20.5063  100 
-93.5281  15.9494  100 
-93.4177  15.6718  100 
-91.8224  11.3924  100 
-89.7374  6.83544  100 
-88.8608  5.1038  100 
-87.4649  2.27848  100 
-85.0398 -2.27848  100 
-84.3038 -3.65115  100 
-82.6391 -6.83544  100 
-79.9977 -11.3924  100 

-177.109  180  100 
-175.443  177.932  100 
-173.563  175.443  100 
-170.886  171.855  100 
-170.127  170.886  100 
-166.933  166.329  100 
-166.329  164.946  100 
-164.623  161.772  100 
-164.981  157.215  100 
-166.329  155.361  100 
-168.411  152.658  100 
-170.886  150.433  100 
-173.862  148.101  100 
-175.443  146.839  100 
-179.783  143.544  100 
-180  143.253  100 

-177.993 -180  100 
-180 -179.061  100 

-84.6488  180  100 
-88.8608  177.204  100 
-91.2451  175.443  100 
-93.4177  173.671  100 
-96.9467  170.886  100 
-97.9747  169.924  100 
-102.532  166.348  100 
-102.563  166.329  100 
-107.089  163.003  100 
-109.497  161.772  100 
-111.646  160.15  100 
-115.824  157.215  100 
-116.203  156.391  100 
-117.238  152.658  100 
-117.839  148.101  100 
-119.176  143.544  100 
-120.759  140.991  100 
-121.789  138.987  100 
-125.316  134.747  100 
-125.543  134.43  100 
-129.603  129.873  100 
-129.873  129.561  100 
-133.736  125.316  100 
-134.43  124.323  100 
-137.614  120.759  100 
-138.987  117.935  100 
-140.185  116.203  100 
-140.988  111.646  100 
-140.386  107.089  100 
-139.211  102.532  100 
-138.987  101.771  100 
-138.29  97.9747  100 
-137.555  93.4177  100 
-136.915  88.8608  100 
-136.421  84.3038  100 
-136.475  79.7468  100 
-137.922  75.1899  100 
-138.987  72.5873  100 
-143.544  70.913  100 
-148.101  73.7559  100 
-149.146  75.1899  100 
-152.658  79.555  100 
-152.795  79.7468  100 
-156.515  84.3038  100 
-157.215  85.0637  100 
-161.772  88.6711  100 
-162.087  88.8608  100 
-166.329  92.037  100 
-168.288  93.4177  100 
-170.886  96.4712  100 
-172.179  97.9747  100 
-173.272  102.532  100 
-171.856  107.089  100 
-170.886  108.828  100 
-168.825  111.646  100 
-166.329  115.682  100 
-165.823  116.203  100 
-166.329  117.661  100 
-167.166  120.759  100 
-170.886  123.515  100 
-172.542  125.316  100 
-175.443  127.601  100 
-177.806  129.873  100 
-180  132.373  100 

-55.1008 -180  100 
-56.962 -179.182  100 
-61.519 -177.838  100 
-66.0759 -177.419  100 
-70.6329 -177.581  100 
-75.1899 -178.16  100 
-79.7468 -179.044  100 
-83.5554 -180  100 

-52.4051  177.291  100 
-54.4689  180  100 

-26.378  180  100 
-27.686  175.443  100 
-28.5652  170.886  100 
-28.2338  166.329  100 
-25.7626  161.772  100 
-25.0633  161.198  100 
-20.6131  157.215  100 
-20.5063  157.157  100 
-15.9494  154.86  100 
-11.3924  152.77  100 
-11.1216  152.658  100 
-6.83544  151.169  100 
-2.27848  149.992  100 
 2.27848  149.326  100 
 6.83544  149.159  100 
 11.3924  149.449  100 
 15.9494  150.124  100 
 20.5063  151.115  100 
 25.0633  152.403  100 
 25.9798  152.658  100 
 29.6203  154.017  100 
 34.1772  155.31  100 
 38.7342  155.405  100 
 43.2911  153.39  100 
 44.1143  152.658  100 
 47.8481  149.521  100 
 49.1326  148.101  100 
 52.4051  143.712  100 
 52.5284  143.544  100 
 54.7643  138.987  100 
 55.6751  134.43  100 
 55.6687  129.873  100 
 55.1851  125.316  100 
 54.6677  120.759  100 
 54.4162  116.203  100 
 54.2377  111.646  100 
 53.8959  107.089  100 
 53.3307  102.532  100 
 52.6007  97.9747  100 
 52.4051  96.9862  100 
 51.7895  93.4177  100 
 50.8785  88.8608  100 
 49.9805  84.3038  100 
 49.2341  79.7468  100 
 48.5956  75.1899  100 
 47.8481  71.0718  100 
 47.7309  70.6329  100 
 45.1669  66.0759  100 
 43.2911  64.804  100 
 38.7342  64.4712  100 
 34.1772  65.6969  100 
 33.3311  66.0759  100 
 29.6203  67.7811  100 
 25.0633  70.2933  100 
 24.5813  70.6329  100 
 20.5063  73.421  100 
 18.0733  75.1899  100 
 15.9494  76.6411  100 
 11.3924  79.6456  100 
 11.2338  79.7468  100 
 6.83544  82.5246  100 
 3.6383  84.3038  100 
 2.27848  85.086  100 
-2.27848  87.5834  100 
-4.85735  88.8608  100 
-6.83544  89.8896  100 
-11.3924  91.9894  100 
-15.1309  93.4177  100 
-15.9494  93.7597  100 
-20.5063  95.46  100 
-25.0633  96.9637  100 
-28.3486  97.9747  100 
-29.6203  98.441  100 
-34.1772  100.104  100 
-38.7342  101.857  100 
-40.1971  102.532  100 
-43.2911  104.463  100 
-47.0349  107.089  100 
-47.8481  107.923  100 
-51.1175  111.646  100 
-52.4051  114.084  100 
-53.4656  116.203  100 
-54.8358  120.759  100 
-55.7332  125.316  100 
-56.1381  129.873  100 
-55.9518  134.43  100 
-55.2326  138.987  100 
-54.1497  143.544  100 
-52.5803  148.101  100 
-52.4051  148.549  100 
-50.6499  152.658  100 
-48.7326  157.215  100 
-47.8481  160.514  100 
-47.3649  161.772  100 
-47.2028  166.329  100 
-47.8481  168.162  100 
-48.6746  170.886  100 
-51.1724  175.443  100 
-52.4051  177.291  100 

 89.7352 -180  100 
 88.8608 -179.616  100 
 84.3038 -177.53  100 
 79.8142 -175.443  100 
 79.7468 -175.408  100 
 75.1899 -173.255  100 
 70.6329 -171.694  100 
 66.0759 -171.104  100 
 61.519 -171.633  100 
 56.962 -173.155  100 
 52.4051 -175.244  100 
 51.9712 -175.443  100 
 47.8481 -177.153  100 
 43.2911 -178.437  100 
 38.7342 -178.72  100 
 34.1772 -177.901  100 
 29.6203 -176.501  100 
 26.7869 -175.443  100 
 25.0633 -174.841  100 
 20.5063 -173.278  100 
 15.9494 -171.967  100 
 11.3924 -170.928  100 
 11.1123 -170.886  100 
 6.83544 -170.251  100 
 2.27848 -170.064  100 
-2.27848 -170.484  100 
-4.03362 -170.886  100 
-6.83544 -171.556  100 
-11.3924 -173.197  100 
-15.9494 -175.23  100 
-16.3975 -175.443  100 
-20.5063 -177.493  100 
-25.0633 -179.788  100 
-25.5276 -180  100 

 180  143.442  100 
 179.978  143.544  100 
 178.156  148.101  100 
 176.1  152.658  100 
 175.443  154.375  100 
 174.408  157.215  100 
 173.671  161.772  100 
 173.954  166.329  100 
 174.984  170.886  100 
 175.443  172.343  100 
 176.475  175.443  100 
 178.16  180  100 

 75.941  43.2911  100 
 79.7468  44.7962  100 
 84.3038  46.6632  100 
 86.8869  47.8481  100 
 88.8608  48.694  100 
 93.4177  50.8936  100 
 96.4795  52.4051  100 
 97.9747  53.2601  100 
 102.532  55.9546  100 
 104.188  56.962  100 
 107.089  59.5595  100 
 109.48  61.519  100 
 111.646  64.7314  100 
 112.708  66.0759  100 
 113.907  70.6329  100 
 113.253  75.1899  100 
 111.646  78.7081  100 
 111.196  79.7468  100 
 108.445  84.3038  100 
 107.089  86.3604  100 
 105.556  88.8608  100 
 102.852  93.4177  100 
 102.532  94.1139  100 
 100.878  97.9747  100 
 100.298  102.532  100 
 101.138  107.089  100 
 102.532  111.622  100 
 102.54  111.646  100 
 103.659  116.203  100 
 103.525  120.759  100 
 102.532  123.251  100 
 101.64  125.316  100 
 98.7722  129.873  100 
 97.9747  131.177  100 
 96.0429  134.43  100 
 94.5374  138.987  100 
 94.7795  143.544  100 
 96.5245  148.101  100 
 97.9747  150.797  100 
 98.996  152.658  100 
 101.043  157.215  100 
 101.409  161.772  100 
 99.6593  166.329  100 
 97.9747  168.833  100 
 96.6231  170.886  100 
 93.4177  175.012  100 
 93.1019  175.443  100 
 89.5579  180  100 

 180  131.792  100 
 179.588  129.873  100 
 178.392  125.316  100 
 177.449  120.759  100 
 177.283  116.203  100 
 177.607  111.646  100 
 178.013  107.089  100 
 178.191  102.532  100 
 177.802  97.9747  100 
 176.768  93.4177  100 
 175.443  89.315  100 
 175.285  88.8608  100 
 173.399  84.3038  100 
 171.387  79.7468  100 
 170.886  78.5708  100 
 169.337  75.1899  100 
 167.726  70.6329  100 
 167.014  66.0759  100 
 167.461  61.519  100 
 169.105  56.962  100 
 170.886  53.767  100 
 171.578  52.4051  100 
 174.164  47.8481  100 
 175.443  45.0116  100 
 176.156  43.2911  100 
 176.682  38.7342  100 
 175.582  34.1772  100 
 175.443  33.8758  100 
 173.519  29.6203  100 
 171.079  25.0633  100 
 170.886  24.7338  100 
 168.588  20.5063  100 
 166.329  15.9505  100 
 164.492  11.3924  100 
 163.167  6.83544  100 
 162.421  2.27848  100 
 162.295 -2.27848  100 
 162.759 -6.83544  100 
 163.728 -11.3924  100 
 165.127 -15.9494  100 
 166.329 -19.0595  100 
 166.916 -20.5063  100 
 168.974 -25.0633  100 
 170.886 -29.3293  100 
 171.027 -29.6203  100 
 172.725 -34.1772  100 
 173.487 -38.7342  100 
 172.622 -43.2911  100 
 170.886 -46.383  100 
 169.979 -47.8481  100 
 166.329 -51.7573  100 
 165.581 -52.4051  100 
 161.772 -55.2643  100 
 158.728 -56.962  100 
 157.215 -57.8674  100 
 152.658 -59.8322  100 
 148.101 -60.8634  100 
 143.544 -61.2408  100 
 138.987 -61.4003  100 
 135.905 -61.519  100 
 134.43 -61.5853  100 
 133.528 -61.519  100 
 129.873 -61.3172  100 
 125.316 -60.4804  100 
 120.759 -59.0172  100 
 116.364 -56.962  100 
 116.203 -56.8898  100 
 111.646 -53.7483  100 
 110.341 -52.4051  100 
 107.089 -48.7312  100 
 106.535 -47.8481  100 
 103.885 -43.2911  100 
 102.532 -40.6696  100 
 101.744 -38.7342  100 
 100.163 -34.1772  100 
 98.6737 -29.6203  100 
 97.9747 -27.4676  100 
 97.2943 -25.0633  100 
 95.9586 -20.5063  100 
 94.4978 -15.9494  100 
 93.4177 -12.9956  100 
 92.8672 -11.3924  100 
 91.1072 -6.83544  100 
 89.0493 -2.27848  100 
 88.8608 -1.86862  100 
 86.9942  2.27848  100 
 84.7516  6.83544  100 
 84.3038  7.74416  100 
 82.4728  11.3924  100 
 79.9411  15.9494  100 
 79.7468  16.3319  100 
 77.3988  20.5063  100 
 75.1899  24.5649  100 
 74.8806  25.0633  100 
 72.8209  29.6203  100 
 71.3723  34.1772  100 
 71.3708  38.7342  100 
 75.1899  42.7862  100 
 75.941  43.2911  100 

-111.646 -95.662  100 
-116.203 -94.666  100 
-120.332 -93.4177  100 
-120.759 -93.2605  100 
-125.316 -91.1868  100 
-129.873 -89.1752  100 
-130.84 -88.8608  100 
-134.43 -87.3662  100 
-138.987 -86.6104  100 
-143.544 -87.2812  100 
-147.22 -88.8608  100 
-148.101 -89.1504  100 
-152.658 -91.3976  100 
-156.172 -93.4177  100 
-157.215 -93.9351  100 
-161.772 -96.1269  100 
-166.329 -97.9552  100 
-166.383 -97.9747  100 
-170.886 -99.4714  100 
-175.443 -101.023  100 
-179.393 -102.532  100 
-180 -102.772  100 

 180 -102.77  100 
 179.677 -102.532  100 
 175.443 -99.4684  100 
 173.096 -97.9747  100 
 170.886 -96.5681  100 
 166.329 -94.2849  100 
 163.566 -93.4177  100 
 161.772 -92.8163  100 
 157.215 -92.3609  100 
 152.658 -93.0028  100 
 151.484 -93.4177  100 
 148.101 -94.4885  100 
 143.544 -96.6243  100 
 141.302 -97.9747  100 
 138.987 -99.2817  100 
 134.43 -102.331  100 
 134.16 -102.532  100 
 129.873 -105.564  100 
 127.805 -107.089  100 
 125.316 -108.873  100 
 121.436 -111.646  100 
 120.759 -112.121  100 
 116.203 -115.153  100 
 114.458 -116.203  100 
 111.646 -117.854  100 
 107.089 -120.332  100 
 106.27 -120.759  100 
 102.532 -122.891  100 
 98.245 -125.316  100 
 97.9747 -125.489  100 
 93.4177 -128.241  100 
 90.0058 -129.873  100 
 88.8608 -130.534  100 
 84.3038 -132.339  100 
 79.7468 -132.884  100 
 75.1899 -131.347  100 
 73.6512 -129.873  100 
 70.6329 -127.44  100 
 69.1345 -125.316  100 
 66.0759 -121.926  100 
 65.3179 -120.759  100 
 61.519 -116.286  100 
 61.4608 -116.203  100 
 57.1222 -111.646  100 
 56.962 -111.519  100 
 52.4051 -107.946  100 
 51.2373 -107.089  100 
 47.8481 -105.226  100 
 43.2911 -102.894  100 
 42.4712 -102.532  100 
 38.7342 -101.2  100 
 34.1772 -99.8898  100 
 29.6203 -98.7065  100 
 26.7711 -97.9747  100 
 25.0633 -97.5814  100 
 20.5063 -96.4645  100 
 15.9494 -95.1735  100 
 11.3924 -93.6258  100 
 10.8332 -93.4177  100 
 6.83544 -91.9797  100 
 2.27848 -90.141  100 
-0.759002 -88.8608  100 
-2.27848 -88.2169  100 
-6.83544 -86.319  100 
-11.338 -84.3038  100 
-11.3924 -84.2785  100 
-15.9494 -82.2434  100 
-20.5063 -80.0576  100 
-21.2911 -79.7468  100 
-25.0633 -77.9971  100 
-29.6203 -76.2438  100 
-34.1772 -75.3654  100 
-38.7342 -76.8074  100 
-40.9571 -79.7468  100 
-43.2911 -83.4366  100 
-43.6647 -84.3038  100 
-46.0525 -88.8608  100 
-47.8481 -91.8283  100 
-48.797 -93.4177  100 
-51.9168 -97.9747  100 
-52.4051 -98.626  100 
-55.8754 -102.532  100 
-56.962 -103.662  100 
-61.519 -106.925  100 
-61.943 -107.089  100 
-66.0759 -108.803  100 
-70.6329 -109.392  100 
-75.1899 -108.92  100 
-79.7468 -107.637  100 
-81.1414 -107.089  100 
-84.3038 -105.854  100 
-88.8608 -103.77  100 
-91.4063 -102.532  100 
-93.4177 -101.536  100 
-97.9747 -99.4026  100 
-101.958 -97.9747  100 
-102.532 -97.7583  100 
-107.089 -96.6069  100 
-111.646 -95.662  100 

 180 -179.849  100 
 179.756 -180  100 


# Contour 4, label:       50
-100.753 -152.658  50 
-102.532 -155.113  50 
-104.433 -157.215  50 
-107.089 -158.519  50 
-111.646 -160.781  50 
-113.453 -161.772  50 
-116.203 -162.744  50 
-120.759 -164.338  50 
-125.316 -165.808  50 
-127.077 -166.329  50 
-129.873 -166.974  50 
-134.43 -167.788  50 
-138.987 -168.147  50 
-143.544 -167.892  50 
-148.101 -167.061  50 
-150.784 -166.329  50 
-152.658 -165.682  50 
-157.215 -163.786  50 
-161.399 -161.772  50 
-161.772 -161.49  50 
-166.329 -157.536  50 
-166.695 -157.215  50 
-169.001 -152.658  50 
-168.873 -148.101  50 
-166.79 -143.544  50 
-166.329 -142.92  50 
-162.98 -138.987  50 
-161.772 -137.77  50 
-158.554 -134.43  50 
-157.215 -133.303  50 
-152.755 -129.873  50 
-152.658 -129.813  50 
-148.101 -127.501  50 
-143.544 -125.993  50 
-138.987 -125.644  50 
-134.43 -126.572  50 
-129.873 -128.333  50 
-126.591 -129.873  50 
-125.316 -130.608  50 
-120.759 -133.262  50 
-118.263 -134.43  50 
-116.203 -135.598  50 
-111.646 -137.533  50 
-108.432 -138.987  50 
-107.089 -139.787  50 
-102.534 -143.544  50 
-102.532 -143.548  50 
-100.436 -148.101  50 
-100.753 -152.658  50 

-91.5712 -25.0633  50 
-93.4177 -29.2631  50 
-93.6621 -29.6203  50 
-97.9747 -32.8106  50 
-100.845 -34.1772  50 
-102.532 -34.758  50 
-107.089 -35.7854  50 
-111.646 -36.4626  50 
-116.203 -36.8534  50 
-120.759 -36.7863  50 
-125.316 -35.9577  50 
-129.873 -34.3327  50 
-130.159 -34.1772  50 
-134.43 -30.0918  50 
-134.735 -29.6203  50 
-136.298 -25.0633  50 
-136.922 -20.5063  50 
-137.049 -15.9494  50 
-137.105 -11.3924  50 
-137.378 -6.83544  50 
-138.053 -2.27848  50 
-138.987  1.0937  50 
-139.265  2.27848  50 
-140.818  6.83544  50 
-142.631  11.3924  50 
-143.544  13.6222  50 
-144.386  15.9494  50 
-145.824  20.5063  50 
-146.859  25.0633  50 
-147.282  29.6203  50 
-146.656  34.1772  50 
-144.326  38.7342  50 
-143.544  39.5056  50 
-138.987  42.6401  50 
-137.146  43.2911  50 
-134.43  44.0112  50 
-129.873  44.541  50 
-125.316  44.4179  50 
-120.759  43.5219  50 
-120.226  43.2911  50 
-116.203  41.18  50 
-113.39  38.7342  50 
-111.646  36.7496  50 
-110.065  34.1772  50 
-107.906  29.6203  50 
-107.089  27.534  50 
-106.346  25.0633  50 
-105.069  20.5063  50 
-103.729  15.9494  50 
-102.532  12.4472  50 
-102.227  11.3924  50 
-100.696  6.83544  50 
-98.7381  2.27848  50 
-97.9747  0.518103  50 
-96.9328 -2.27848  50 
-95.3071 -6.83544  50 
-93.6177 -11.3924  50 
-93.4177 -12.0653  50 
-92.3404 -15.9494  50 
-91.4806 -20.5063  50 
-91.5712 -25.0633  50 

 30.5031  97.9747  50 
 29.6203  96.0751  50 
 27.2197  93.4177  50 
 25.0633  92.2494  50 
 20.5063  92.0565  50 
 15.9494  93.0803  50 
 15.0319  93.4177  50 
 11.3924  94.9404  50 
 6.83544  96.8379  50 
 3.89143  97.9747  50 
 2.27848  98.7505  50 
-2.27848  100.941  50 
-6.19014  102.532  50 
-6.83544  102.871  50 
-11.3924  104.869  50 
-15.9494  106.341  50 
-18.3911  107.089  50 
-20.5063  107.944  50 
-25.0633  109.878  50 
-28.9222  111.646  50 
-29.6203  112.113  50 
-34.1772  115.885  50 
-34.4778  116.203  50 
-36.9093  120.759  50 
-37.7018  125.316  50 
-37.1355  129.873  50 
-35.0025  134.43  50 
-34.1772  135.313  50 
-29.6203  137.272  50 
-25.0633  137.482  50 
-20.5063  136.732  50 
-15.9494  135.314  50 
-13.4754  134.43  50 
-11.3924  133.507  50 
-6.83544  131.548  50 
-2.45354  129.873  50 
-2.27848  129.782  50 
 2.27848  127.853  50 
 6.83544  126.469  50 
 11.1639  125.316  50 
 11.3924  125.24  50 
 15.9494  123.486  50 
 20.5063  121.093  50 
 21.0665  120.759  50 
 25.0633  118.14  50 
 26.7908  116.203  50 
 29.6203  111.787  50 
 29.6775  111.646  50 
 30.8984  107.089  50 
 31.255  102.532  50 
 30.5031  97.9747  50 

 48.2497 -152.658  50 
 47.8481 -153.325  50 
 44.962 -157.215  50 
 43.2911 -158.746  50 
 38.7342 -161.078  50 
 34.1772 -161.432  50 
 29.6203 -160.818  50 
 25.0633 -159.76  50 
 20.5063 -158.52  50 
 15.9494 -157.218  50 
 15.9387 -157.215  50 
 11.3924 -155.888  50 
 6.83544 -154.907  50 
 2.27848 -154.365  50 
-2.27848 -154.338  50 
-6.83544 -154.857  50 
-11.3924 -155.895  50 
-15.5159 -157.215  50 
-15.9494 -157.344  50 
-20.5063 -158.781  50 
-25.0633 -160.097  50 
-29.6203 -161.158  50 
-34.1772 -161.71  50 
-38.7342 -161.337  50 
-43.2911 -159.552  50 
-46.8131 -157.215  50 
-47.8481 -156.2  50 
-50.7954 -152.658  50 
-52.4051 -148.575  50 
-52.5812 -148.101  50 
-52.9611 -143.544  50 
-52.4802 -138.987  50 
-52.4051 -138.684  50 
-51.4884 -134.43  50 
-49.9624 -129.873  50 
-47.9624 -125.316  50 
-47.8481 -125.109  50 
-45.6392 -120.759  50 
-43.2911 -116.773  50 
-42.9462 -116.203  50 
-39.8393 -111.646  50 
-38.7342 -110.082  50 
-36.4342 -107.089  50 
-34.1772 -104.301  50 
-32.4594 -102.532  50 
-29.6203 -99.9958  50 
-26.2829 -97.9747  50 
-25.0633 -97.3865  50 
-20.5063 -96.3362  50 
-15.9494 -96.2723  50 
-11.3924 -96.7752  50 
-6.83544 -97.5611  50 
-4.95884 -97.9747  50 
-2.27848 -98.6143  50 
 2.27848 -99.9287  50 
 6.83544 -101.257  50 
 11.3924 -102.426  50 
 11.836 -102.532  50 
 15.9494 -103.63  50 
 20.5063 -104.71  50 
 25.0633 -105.746  50 
 29.6203 -106.831  50 
 30.549 -107.089  50 
 34.1772 -108.353  50 
 38.7342 -110.346  50 
 41.0672 -111.646  50 
 43.2911 -113.32  50 
 46.4148 -116.203  50 
 47.8481 -118.23  50 
 49.4711 -120.759  50 
 51.2065 -125.316  50 
 52.038 -129.873  50 
 52.168 -134.43  50 
 51.8318 -138.987  50 
 51.1905 -143.544  50 
 50.1047 -148.101  50 
 48.2497 -152.658  50 

 150.003 -34.1772  50 
 148.101 -38.3243  50 
 147.87 -38.7342  50 
 143.544 -42.3605  50 
 141.885 -43.2911  50 
 138.987 -44.3989  50 
 134.43 -45.3853  50 
 129.873 -45.7527  50 
 125.316 -45.4362  50 
 120.759 -44.2328  50 
 119.013 -43.2911  50 
 116.203 -41.4348  50 
 113.646 -38.7342  50 
 111.646 -36.0577  50 
 110.622 -34.1772  50 
 108.595 -29.6203  50 
 107.089 -25.7712  50 
 106.868 -25.0633  50 
 105.601 -20.5063  50 
 104.367 -15.9494  50 
 103.023 -11.3924  50 
 102.532 -9.90203  50 
 101.669 -6.83544  50 
 100.174 -2.27848  50 
 98.5341  2.27848  50 
 97.9747  3.97615  50 
 97.1532  6.83544  50 
 95.9363  11.3924  50 
 94.9547  15.9494  50 
 94.6645  20.5063  50 
 95.7226  25.0633  50 
 97.9747  28.6064  50 
 98.9424  29.6203  50 
 102.532  32.225  50 
 106.444  34.1772  50 
 107.089  34.4456  50 
 111.646  35.8635  50 
 116.203  37.001  50 
 120.759  37.9247  50 
 125.316  38.5989  50 
 127.124  38.7342  50 
 129.873  38.9266  50 
 134.43  38.7806  50 
 134.666  38.7342  50 
 138.987  37.4086  50 
 142.591  34.1772  50 
 143.544  32.4457  50 
 144.524  29.6203  50 
 145.002  25.0633  50 
 144.778  20.5063  50 
 144.12  15.9494  50 
 143.544  12.5319  50 
 143.333  11.3924  50 
 142.693  6.83544  50 
 142.536  2.27848  50 
 143.114 -2.27848  50 
 143.544 -3.84173  50 
 144.249 -6.83544  50 
 145.611 -11.3924  50 
 147.078 -15.9494  50 
 148.101 -19.2072  50 
 148.481 -20.5063  50 
 149.61 -25.0633  50 
 150.289 -29.6203  50 
 150.003 -34.1772  50 

 171.258 -152.658  50 
 170.886 -153.555  50 
 169.137 -157.215  50 
 166.329 -160.137  50 
 164.596 -161.772  50 
 161.772 -163.583  50 
 157.215 -165.984  50 
 156.346 -166.329  50 
 152.658 -167.498  50 
 148.101 -168.445  50 
 143.544 -168.852  50 
 138.987 -168.675  50 
 134.43 -167.918  50 
 129.873 -166.689  50 
 128.805 -166.329  50 
 125.316 -164.702  50 
 120.759 -162.242  50 
 120.043 -161.772  50 
 116.822 -157.215  50 
 117.001 -152.658  50 
 119.661 -148.101  50 
 120.759 -146.99  50 
 124.146 -143.544  50 
 125.316 -142.59  50 
 129.803 -138.987  50 
 129.873 -138.938  50 
 134.43 -136.01  50 
 137.198 -134.43  50 
 138.987 -133.481  50 
 143.544 -131.546  50 
 148.101 -130.207  50 
 151.361 -129.873  50 
 152.658 -129.747  50 
 153.642 -129.873  50 
 157.215 -130.443  50 
 161.772 -132.651  50 
 163.967 -134.43  50 
 166.329 -136.834  50 
 167.887 -138.987  50 
 170.289 -143.544  50 
 170.886 -145.676  50 
 171.448 -148.101  50 
 171.258 -152.658  50 

