
# Surface 0 of 1 surfaces

# Curve title: "filename using 1:2:5"

# Contour 0, label:     3.15
  96.3636  3.15 
  95.5855  3.15 
  96.3636  3.15 
  98.3842  3.15 
  100  3.15 
  100.771  3.15 
  101.006  3.15 
  100  3.15 
  96.3636  3.15 

  118.182  3.15 
  115.466  3.15 
  118.182  3.15 
  121.673  3.15 
  118.182  3.15 

 -138.207  3.15 
 -138.681  3.15 
 -139.084  3.15 
 -139.423  3.15 
 -139.691  3.15 

  39.347  3.15 
  38.1818  3.15 
  35.5244  3.15 
  34.5455  3.15 
  30.9091  3.15 
  29.2467  3.15 
  27.2727  3.15 
  25.2924  3.15 
  23.6364  3.15 
  22.7427  3.15 
  20  3.15 
  19.7607  3.15 
  16.3636  3.15 
  15.4988  3.15 
  12.7273  3.15 
  9.09091  3.15 
  6.93432  3.15 
  5.45455  3.15 
  1.81818  3.15 
  0.937585  3.15 
 -1.44185  3.15 
 -1.81818  3.15 
 -3.9577  3.15 
 -5.45455  3.15 
 -7.90839  3.15 
 -9.09091  3.15 
 -12.7273  3.15 
 -16.3636  3.15 
 -19.4865  3.15 
 -20  3.15 
 -22.9013  3.15 
 -23.6364  3.15 
 -24.5815  3.15 
 -26.4955  3.15 
 -27.2727  3.15 
 -29.8241  3.15 
 -30.9091  3.15 
 -34.5455  3.15 
 -38.1818  3.15 
 -41.8182  3.15 
 -41.8355  3.15 
 -45.2723  3.15 
 -45.4545  3.15 
 -46.6134  3.15 
 -47.9133  3.15 
 -49.0909  3.15 
 -50.5272  3.15 
 -52.7273  3.15 
 -56.3636  3.15 
 -60  3.15 
 -61.0921  3.15 
 -63.6364  3.15 
 -65.5255  3.15 
 -66.8817  3.15 
 -67.2727  3.15 
 -67.8719  3.15 
 -69.8235  3.15 
 -70.9091  3.15 
 -74.5455  3.15 
 -76.4462  3.15 
 -78.1818  3.15 
 -81.8182  3.15 
 -84.366  3.15 
 -85.4545  3.15 
 -86.4894  3.15 
 -87.337  3.15 
 -88.7515  3.15 
 -89.0909  3.15 
 -91.9999  3.15 
 -92.7273  3.15 
 -96.3636  3.15 
 -100  3.15 
 -101.39  3.15 
 -103.636  3.15 
 -104.974  3.15 
 -106.403  3.15 
 -107.273  3.15 
 -107.593  3.15 
 -109.677  3.15 
 -110.909  3.15 
 -114.545  3.15 
 -114.648  3.15 
 -118.182  3.15 
 -121.305  3.15 
 -121.818  3.15 
 -123.768  3.15 
 -125.176  3.15 
 -125.455  3.15 
 -126.479  3.15 
 -128.31  3.15 
 -129.091  3.15 
 -130.904  3.15 
 -132.727  3.15 
 -133.614  3.15 
 -135.586  3.15 
 -136.364  3.15 
 -136.811  3.15 
 -137.619  3.15 
 -138.207  3.15 

  180  3.15 
  179.72  3.15 
  177.626  3.15 
  176.364  3.15 
  175.486  3.15 
  173.3  3.15 
  172.727  3.15 
  171.062  3.15 
  169.091  3.15 
  168.786  3.15 
  166.458  3.15 
  165.455  3.15 
  164.089  3.15 
  161.818  3.15 
  161.689  3.15 
  159.237  3.15 
  158.182  3.15 
  156.754  3.15 
  154.545  3.15 
  154.246  3.15 
  151.697  3.15 
  150.909  3.15 
  149.121  3.15 
  147.273  3.15 
  146.53  3.15 
  143.919  3.15 
  143.636  3.15 
  141.276  3.15 
  140  3.15 
  138.626  3.15 
  136.364  3.15 
  135.978  3.15 
  133.306  3.15 
  132.727  3.15 
  130.616  3.15 
  129.091  3.15 
  127.928  3.15 
  125.455  3.15 
  125.24  3.15 
  122.5  3.15 
  121.818  3.15 
  119.716  3.15 
  118.182  3.15 
  116.879  3.15 
  114.545  3.15 
  113.945  3.15 
  110.909  3.15 
  110.833  3.15 
  107.365  3.15 
  107.273  3.15 
  103.636  3.15 
  103.258  3.15 
  100  3.15 
  97.9853  3.15 
  96.3636  3.15 
  92.7273  3.15 
  91.707  3.15 
  89.0909  3.15 
  87.2172  3.15 
  85.4545  3.15 
  84.5914  3.15 
  81.8182  3.15 
  78.1818  3.15 
  75.3343  3.15 
  78.1776  3.15 
  78.1818  3.15 
  81.2207  3.15 
  81.2374  3.15 
  79.4221  3.15 
  78.1818  3.15 
  74.5455  3.15 
  74.4588  3.15 
  70.9091  3.15 
  67.2727  3.15 
  66.2401  3.15 
  63.6364  3.15 
  60  3.15 
  56.3636  3.15 
  55.6466  3.15 
  56.3636  3.15 
  58.2084  3.15 
  60  3.15 
  60.5485  3.15 
  60.736  3.15 
  60  3.15 
  59.5028  3.15 
  56.6139  3.15 
  56.3636  3.15 
  52.7273  3.15 
  49.0909  3.15 
  45.4545  3.15 
  41.8182  3.15 
  41.1681  3.15 
  41.8182  3.15 
  43.4243  3.15 
  42.9459  3.15 
  41.8182  3.15 
  41.6005  3.15 
  39.347  3.15 

 -12.4461  3.15 
 -12.7273  3.15 
 -14.3188  3.15 
 -16.3636  3.15 
 -16.3689  3.15 
 -20  3.15 
 -20.6251  3.15 
 -23.6364  3.15 
 -27.2727  3.15 
 -29.2742  3.15 
 -30.9091  3.15 
 -32.7465  3.15 
 -34.5455  3.15 
 -34.8838  3.15 
 -36.5761  3.15 
 -38.1818  3.15 
 -38.8292  3.15 
 -41.8182  3.15 
 -45.4545  3.15 
 -47.6423  3.15 
 -49.0909  3.15 
 -52.7134  3.15 
 -52.7273  3.15 
 -55.2661  3.15 
 -56.3636  3.15 
 -56.7386  3.15 
 -58.0865  3.15 
 -60  3.15 
 -63.6364  3.15 
 -63.6502  3.15 
 -67.2727  3.15 
 -70.9091  3.15 
 -73.7749  3.15 
 -74.5455  3.15 
 -76.9749  3.15 
 -78.1818  3.15 
 -78.8066  3.15 
 -80.3592  3.15 
 -81.8182  3.15 
 -85.4545  3.15 
 -89.0909  3.15 
 -92.7273  3.15 
 -93.2205  3.15 
 -96.3636  3.15 
 -100  3.15 
 -100.555  3.15 
 -103.636  3.15 
 -105.769  3.15 
 -107.273  3.15 
 -110.909  3.15 
 -114.545  3.15 
 -117.874  3.15 
 -118.182  3.15 
 -121.818  3.15 
 -125.455  3.15 
 -129.091  3.15 
 -132.727  3.15 
 -136.364  3.15 
 -139.911  3.15 
 -140  3.15 
 -143.636  3.15 
 -147.273  3.15 
 -150.909  3.15 
 -154.545  3.15 
 -158.182  3.15 
 -158.541  3.15 
 -161.818  3.15 
 -165.455  3.15 
 -169.091  3.15 
 -170.2  3.15 
 -172.727  3.15 
 -176.364  3.15 
 -178.862  3.15 
 -180  3.15 

  167.912  3.15 
  166.631  3.15 
  165.455  3.15 
  165.029  3.15 
  162.43  3.15 
  161.818  3.15 
  158.182  3.15 
  158.136  3.15 
  154.545  3.15 
  153.08  3.15 
  150.909  3.15 
  150.841  3.15 
  149.824  3.15 
  148.988  3.15 
  147.273  3.15 
  145.9  3.15 
  143.636  3.15 
  140  3.15 
  139.887  3.15 
  136.364  3.15 
  133.092  3.15 
  132.727  3.15 
  131.38  3.15 
  131.132  3.15 
  130.903  3.15 
  129.091  3.15 
  125.455  3.15 
  125.174  3.15 
  121.818  3.15 
  118.182  3.15 
  115.337  3.15 
  114.545  3.15 
  111.988  3.15 
  111.31  3.15 
  111.937  3.15 
  110.909  3.15 
  109.61  3.15 
  107.273  3.15 
  103.636  3.15 
  100.266  3.15 
  100  3.15 
  96.3636  3.15 
  92.7273  3.15 
  92.5967  3.15 
  91.1301  3.15 
  91.3165  3.15 
  91.8268  3.15 
  89.0909  3.15 
  85.4545  3.15 
  83.9008  3.15 
  81.8182  3.15 
  78.1818  3.15 
  74.5455  3.15 
  73.2849  3.15 
  70.9091  3.15 
  70.6057  3.15 
  69.6129  3.15 
  69.2713  3.15 
  67.2727  3.15 
  65.6349  3.15 
  63.6364  3.15 
  60  3.15 
  56.3636  3.15 
  54.5404  3.15 
  52.7273  3.15 
  51.2648  3.15 
  50.3584  3.15 
  50.1185  3.15 
  49.0909  3.15 
  46.7907  3.15 
  45.4545  3.15 
  41.8182  3.15 
  38.1818  3.15 
  35.0248  3.15 
  34.5455  3.15 
  30.9091  3.15 
  30.8054  3.15 
  29.2025  3.15 
  28.1118  3.15 
  27.2727  3.15 
  25.1424  3.15 
  23.6364  3.15 
  20  3.15 
  16.3636  3.15 
  15.1759  3.15 
  12.7273  3.15 
  10.1795  3.15 
  9.09091  3.15 
  8.0955  3.15 
  6.486  3.15 
  5.45455  3.15 
  3.86078  3.15 
  1.81818  3.15 
 -1.81818  3.15 
 -3.65696  3.15 
 -5.45455  3.15 
 -9.09091  3.15 
 -9.86595  3.15 
 -12.4461  3.15 


# Contour 1, label:        3
  140  3 
  139.935  3 
  140  3 
  140.013  3 
  140  3 

 -141.35  3 
 -141.682  3 

  30.9091  3 
  27.2727  3 
  23.6364  3 
  23.2244  3 
  21.8214  3 
  20  3 
  19.8592  3 
  17.0497  3 
  16.3636  3 
  12.7273  3 
  12.1903  3 
  9.09091  3 
  5.45455  3 
  1.81818  3 
  0.646133  3 
 -1.77717  3 
 -1.81818  3 
 -3.39151  3 
 -5.45455  3 
 -5.81256  3 
 -9.09091  3 
 -10.0452  3 
 -12.7273  3 
 -16.3636  3 
 -20  3 
 -22.0926  3 
 -23.6364  3 
 -24.6536  3 
 -25.9382  3 
 -27.2727  3 
 -27.7211  3 
 -30.9091  3 
 -31.1973  3 
 -34.5455  3 
 -38.1818  3 
 -41.8182  3 
 -43.5414  3 
 -45.4545  3 
 -46.7798  3 
 -47.6872  3 
 -48.8612  3 
 -49.0909  3 
 -51.5042  3 
 -52.7273  3 
 -56.3636  3 
 -60  3 
 -62.5466  3 
 -63.6364  3 
 -66.8393  3 
 -67.2727  3 
 -67.8961  3 
 -68.6537  3 
 -70.6486  3 
 -70.9091  3 
 -74.5455  3 
 -78.1818  3 
 -79.2268  3 
 -81.8182  3 
 -85.4545  3 
 -85.6564  3 
 -87.5491  3 
 -88.1573  3 
 -89.0909  3 
 -89.4907  3 
 -92.7273  3 
 -93.0708  3 
 -96.3636  3 
 -100  3 
 -102.775  3 
 -103.636  3 
 -106.2  3 
 -107.273  3 
 -107.396  3 
 -108.399  3 
 -110.602  3 
 -110.909  3 
 -114.545  3 
 -117.164  3 
 -118.182  3 
 -121.818  3 
 -122.8  3 
 -125.069  3 
 -125.455  3 
 -126.309  3 
 -127.6  3 
 -129.091  3 
 -129.606  3 
 -132.524  3 
 -132.727  3 
 -135.561  3 
 -136.364  3 
 -137.479  3 
 -138.64  3 
 -139.403  3 
 -139.98  3 
 -140  3 
 -140.487  3 
 -140.946  3 
 -141.35  3 

  180  3 
  178.545  3 
  176.392  3 
  176.364  3 
  174.183  3 
  172.727  3 
  171.938  3 
  169.651  3 
  169.091  3 
  167.318  3 
  165.455  3 
  164.955  3 
  162.552  3 
  161.818  3 
  160.113  3 
  158.182  3 
  157.651  3 
  155.158  3 
  154.545  3 
  152.636  3 
  150.909  3 
  150.102  3 
  147.554  3 
  147.273  3 
  144.979  3 
  143.636  3 
  142.403  3 
  140  3 
  139.834  3 
  137.24  3 
  136.364  3 
  134.649  3 
  132.727  3 
  132.071  3 
  129.49  3 
  129.091  3 
  126.883  3 
  125.455  3 
  124.277  3 
  121.818  3 
  121.665  3 
  118.963  3 
  118.182  3 
  116.17  3 
  114.545  3 
  113.225  3 
  110.909  3 
  109.976  3 
  107.273  3 
  106.06  3 
  103.636  3 
  100.496  3 
  100  3 
  96.3636  3 
  92.7273  3 
  92.3208  3 
  89.0909  3 
  86.5408  3 
  85.4545  3 
  81.8182  3 
  78.1818  3 
  74.5455  3 
  72.8605  3 
  74.5455  3 
  75.4897  3 
  77.6625  3 
  77.7292  3 
  75.5918  3 
  74.5455  3 
  70.9091  3 
  67.2727  3 
  63.6364  3 
  60  3 
  56.3636  3 
  52.8626  3 
  55.2394  3 
  56.3636  3 
  57.7412  3 
  58.0763  3 
  56.6101  3 
  56.3636  3 
  52.7273  3 
  52.3763  3 
  49.0909  3 
  45.4545  3 
  43.9713  3 
  41.8182  3 
  38.1818  3 
  37.1743  3 
  37.1735  3 
  38.1818  3 
  39.7393  3 
  39.9303  3 
  38.7636  3 
  38.1818  3 
  36.2136  3 
  34.5455  3 
  30.9771  3 
  30.9091  3 

  26.8403  3 
  23.6364  3 
  20  3 
  17.0279  3 
  16.3636  3 
  12.7273  3 
  11.0704  3 
  9.13191  3 
  9.09091  3 
  7.79119  3 
  5.45455  3 
  5.40168  3 
  1.81818  3 
 -0.983713  3 
 -1.81818  3 
 -5.45455  3 
 -8.73422  3 
 -9.09091  3 
 -11.3055  3 
 -12.7273  3 
 -12.9841  3 
 -14.7335  3 
 -16.3636  3 
 -18.3749  3 
 -20  3 
 -23.6364  3 
 -27.2727  3 
 -27.7656  3 
 -30.9091  3 
 -31.4334  3 
 -33.545  3 
 -34.5455  3 
 -34.9836  3 
 -36.7538  3 
 -38.1818  3 
 -41.8182  3 
 -44.3618  3 
 -45.4545  3 
 -49.0909  3 
 -51.2139  3 
 -52.7273  3 
 -53.8833  3 
 -55.2291  3 
 -55.9948  3 
 -56.3636  3 
 -57.8843  3 
 -60  3 
 -63.6364  3 
 -67.2727  3 
 -70.9091  3 
 -71.8637  3 
 -74.5455  3 
 -75.2668  3 
 -76.9411  3 
 -77.6166  3 
 -77.8516  3 
 -78.1818  3 
 -81.8182  3 
 -85.4545  3 
 -89.0909  3 
 -92.7273  3 
 -96.3636  3 
 -97.2988  3 
 -100  3 
 -101.777  3 
 -103.636  3 
 -105.845  3 
 -107.273  3 
 -110.909  3 
 -114.545  3 
 -118.182  3 
 -121.818  3 
 -125.455  3 
 -125.487  3 
 -129.091  3 
 -132.727  3 
 -136.364  3 
 -140  3 
 -143.636  3 
 -147.273  3 
 -147.408  3 
 -150.909  3 
 -154.545  3 
 -158.182  3 
 -161.818  3 
 -162.975  3 
 -165.455  3 
 -169.091  3 
 -172.727  3 
 -173.046  3 
 -176.364  3 
 -180  3 

  169.013  3 
  167.824  3 
  166.4  3 
  165.455  3 
  163.891  3 
  161.818  3 
  159.642  3 
  158.182  3 
  154.545  3 
  153.957  3 
  151.575  3 
  150.909  3 
  150.702  3 
  150.23  3 
  147.273  3 
  147.202  3 
  143.636  3 
  141.026  3 
  140  3 
  136.364  3 
  133.706  3 
  132.727  3 
  132.001  3 
  131.996  3 
  132.727  3 
  132.877  3 
  132.727  3 
  129.091  3 
  126.971  3 
  125.455  3 
  121.818  3 
  118.182  3 
  116.175  3 
  114.545  3 
  112.502  3 
  111.982  3 
  113.644  3 
  114.545  3 
  118.182  3 
  121.818  3 
  122.739  3 
  121.818  3 
  118.182  3 
  114.545  3 
  110.909  3 
  107.273  3 
  103.636  3 
  101.396  3 
  100  3 
  96.3636  3 
  93.1138  3 
  92.7273  3 
  91.717  3 
  92.2756  3 
  92.7273  3 
  96.3636  3 
  100  3 
  102.577  3 
  103.636  3 
  104.23  3 
  103.636  3 
  100  3 
  96.3636  3 
  94.2708  3 
  92.7273  3 
  89.0909  3 
  85.4545  3 
  85.1638  3 
  81.8182  3 
  78.1818  3 
  74.5455  3 
  73.9151  3 
  71.1743  3 
  70.9091  3 
  70.3119  3 
  70.4801  3 
  67.2727  3 
  67.2023  3 
  63.6364  3 
  60  3 
  56.3636  3 
  55.3194  3 
  52.7273  3 
  51.8914  3 
  51.1686  3 
  51.7629  3 
  50.6118  3 
  49.0909  3 
  45.4545  3 
  41.8182  3 
  38.1818  3 
  36.425  3 
  34.5455  3 
  31.497  3 
  30.9091  3 
  30.0967  3 
  29.4908  3 
  27.2727  3 
  26.8403  3 


# Contour 2, label:      2.5
 -121.818  2.5 
 -123.143  2.5 
 -121.818  2.5 
 -118.182  2.5 
 -114.886  2.5 
 -118.182  2.5 
 -121.818  2.5 

 -92.7273  2.5 
 -93.468  2.5 
 -95.4935  2.5 
 -95.25  2.5 
 -92.7273  2.5 
 -92.4698  2.5 
 -89.0909  2.5 
 -85.4545  2.5 
 -84.9934  2.5 
 -81.8182  2.5 
 -78.1818  2.5 
 -74.5455  2.5 
 -73.1986  2.5 
 -71.2196  2.5 
 -71.3257  2.5 
 -74.5455  2.5 
 -78.1818  2.5 
 -81.8182  2.5 
 -85.4545  2.5 
 -89.0909  2.5 
 -92.7273  2.5 

 -60  2.5 
 -63.2938  2.5 
 -63.6364  2.5 
 -67.2727  2.5 
 -70.3511  2.5 
 -70.9091  2.5 
 -71.9028  2.5 
 -71.2958  2.5 
 -70.9091  2.5 
 -67.2727  2.5 
 -63.6364  2.5 
 -60  2.5 
 -56.3636  2.5 
 -54.8104  2.5 
 -52.7273  2.5 
 -51.6513  2.5 
 -51.2691  2.5 
 -52.7273  2.5 
 -53.628  2.5 
 -56.3636  2.5 
 -60  2.5 

 -45.4545  2.5 
 -45.9645  2.5 
 -49.0909  2.5 
 -49.574  2.5 
 -50.6572  2.5 
 -49.5786  2.5 
 -49.0909  2.5 
 -45.4545  2.5 
 -41.8182  2.5 
 -38.1818  2.5 
 -36.6155  2.5 
 -34.5455  2.5 
 -31.3833  2.5 
 -30.9091  2.5 
 -30.2185  2.5 
 -30.4894  2.5 
 -30.9091  2.5 
 -34.5455  2.5 
 -38.1818  2.5 
 -41.8182  2.5 
 -45.4545  2.5 

 -16.3636  2.5 
 -19.969  2.5 
 -20  2.5 
 -23.6364  2.5 
 -27.1026  2.5 
 -27.2727  2.5 
 -29.1682  2.5 
 -29.8996  2.5 
 -28.3387  2.5 
 -27.2727  2.5 
 -23.6364  2.5 
 -23.2561  2.5 
 -20  2.5 
 -16.3636  2.5 
 -12.7273  2.5 
 -11.162  2.5 
 -9.11891  2.5 
 -9.09091  2.5 
 -8.49078  2.5 
 -9.06415  2.5 
 -9.09091  2.5 
 -12.7273  2.5 
 -16.3636  2.5 

 -1.81818  2.5 
 -5.09294  2.5 
 -5.45455  2.5 
 -7.52231  2.5 
 -8.36283  2.5 
 -8.53523  2.5 
 -5.45455  2.5 
 -1.81818  2.5 
  1.81818  2.5 
  5.45455  2.5 
  8.42713  2.5 
  9.09091  2.5 
  12.0405  2.5 
  12.7273  2.5 
  13.2907  2.5 
  12.7273  2.5 
  12.6959  2.5 
  9.09091  2.5 
  5.45455  2.5 
  1.81818  2.5 
 -1.81818  2.5 

  16.3636  2.5 
  13.8763  2.5 
  12.7273  2.5 
  12.4601  2.5 
  12.6923  2.5 
  12.7273  2.5 
  16.3636  2.5 
  20  2.5 
  23.6364  2.5 
  27.2727  2.5 
  30.5709  2.5 
  30.9091  2.5 
  32.4666  2.5 
  31.8932  2.5 
  30.9091  2.5 
  27.2727  2.5 
  23.6364  2.5 
  20  2.5 
  16.3636  2.5 

  45.4545  2.5 
  44.094  2.5 
  41.8182  2.5 
  38.1818  2.5 
  34.5455  2.5 
  33.7566  2.5 
  33.0946  2.5 
  34.5455  2.5 
  36.15  2.5 
  38.1818  2.5 
  41.8182  2.5 
  45.4545  2.5 
  47.0486  2.5 
  49.0909  2.5 
  51.4524  2.5 
  51.4119  2.5 
  49.0909  2.5 
  46.44  2.5 
  45.4545  2.5 

  60  2.5 
  59.0614  2.5 
  56.3636  2.5 
  53.813  2.5 
  54.0392  2.5 
  56.3636  2.5 
  60  2.5 
  63.6364  2.5 
  67.2727  2.5 
  70.8058  2.5 
  70.9091  2.5 
  71.5071  2.5 
  70.9091  2.5 
  68.8739  2.5 
  67.2727  2.5 
  63.6364  2.5 
  60  2.5 

  78.1818  2.5 
  76.1803  2.5 
  74.5455  2.5 
  72.9927  2.5 
  72.5965  2.5 
  74.5455  2.5 
  78.1818  2.5 
  81.8182  2.5 
  84.5223  2.5 
  85.4545  2.5 
  89.0909  2.5 
  92.7273  2.5 
  94.0351  2.5 
  96.3636  2.5 
  97.9775  2.5 
  96.866  2.5 
  96.3636  2.5 
  92.7273  2.5 
  92.652  2.5 
  89.0909  2.5 
  85.4545  2.5 
  81.8182  2.5 
  78.1818  2.5 

 -180  2.5 
 -176.364  2.5 
 -175.846  2.5 
 -172.727  2.5 
 -169.091  2.5 
 -168.602  2.5 
 -165.455  2.5 
 -161.818  2.5 
 -158.444  2.5 
 -158.182  2.5 
 -154.545  2.5 
 -150.909  2.5 
 -147.273  2.5 
 -143.636  2.5 
 -140  2.5 
 -136.364  2.5 
 -132.727  2.5 
 -131.316  2.5 
 -129.091  2.5 
 -125.455  2.5 
 -121.818  2.5 
 -119.935  2.5 
 -118.182  2.5 
 -114.545  2.5 
 -110.909  2.5 
 -107.273  2.5 
 -105.881  2.5 
 -103.636  2.5 
 -100  2.5 
 -96.3636  2.5 
 -92.7273  2.5 
 -91.4914  2.5 
 -90.7225  2.5 
 -91.8155  2.5 
 -92.7273  2.5 
 -96.3636  2.5 
 -100  2.5 
 -100.405  2.5 
 -103.636  2.5 
 -107.273  2.5 
 -108.987  2.5 
 -110.909  2.5 
 -111.27  2.5 
 -110.909  2.5 
 -110.568  2.5 
 -110.909  2.5 
 -111.062  2.5 
 -113.737  2.5 
 -114.545  2.5 
 -118.182  2.5 
 -121.818  2.5 
 -123.282  2.5 
 -125.455  2.5 
 -128.032  2.5 
 -129.091  2.5 
 -129.429  2.5 
 -129.942  2.5 
 -131.242  2.5 
 -132.727  2.5 
 -134.455  2.5 
 -136.364  2.5 
 -139.462  2.5 
 -140  2.5 
 -142.346  2.5 
 -143.636  2.5 
 -143.937  2.5 
 -144.844  2.5 
 -145.51  2.5 
 -146.158  2.5 
 -146.844  2.5 
 -147.273  2.5 
 -147.573  2.5 
 -148.302  2.5 
 -148.909  2.5 

  147.273  2.5 
  149.325  2.5 
  150.909  2.5 
  151.739  2.5 
  154.16  2.5 
  154.545  2.5 
  156.573  2.5 
  158.182  2.5 
  158.993  2.5 
  161.406  2.5 
  161.818  2.5 
  163.801  2.5 
  165.455  2.5 
  166.189  2.5 
  168.557  2.5 
  169.091  2.5 
  170.898  2.5 
  172.727  2.5 
  173.222  2.5 
  175.512  2.5 
  176.364  2.5 
  177.773  2.5 
  180  2.5 

  172.636  2.5 
  171.84  2.5 
  171.221  2.5 
  169.689  2.5 
  169.091  2.5 
  165.455  2.5 
  164.796  2.5 
  161.818  2.5 
  158.182  2.5 
  157.599  2.5 
  154.545  2.5 
  154.008  2.5 
  153.55  2.5 
  154.545  2.5 
  155.361  2.5 
  158.182  2.5 
  161.818  2.5 
  162.212  2.5 
  161.818  2.5 
  158.182  2.5 
  154.545  2.5 
  150.909  2.5 
  147.273  2.5 
  145.596  2.5 
  143.636  2.5 
  140  2.5 
  136.364  2.5 
  135.752  2.5 
  133.946  2.5 
  135.09  2.5 
  136.364  2.5 
  140  2.5 
  142.572  2.5 
  143.409  2.5 
  140  2.5 
  136.364  2.5 
  132.727  2.5 
  129.091  2.5 
  125.455  2.5 
  121.818  2.5 
  119.485  2.5 
  118.182  2.5 
  114.545  2.5 
  114.218  2.5 
  114.22  2.5 
  114.545  2.5 
  118.182  2.5 
  121.818  2.5 
  122.395  2.5 
  125.455  2.5 
  126.105  2.5 
  125.455  2.5 
  125.255  2.5 
  121.818  2.5 
  118.182  2.5 
  114.545  2.5 
  110.909  2.5 
  107.273  2.5 
  103.636  2.5 
  100  2.5 
  96.3636  2.5 
  94.7983  2.5 
  93.5935  2.5 
  96.3636  2.5 
  97.2148  2.5 
  100  2.5 
  103.636  2.5 
  107.273  2.5 
  107.803  2.5 
  110.909  2.5 
  111.09  2.5 
  112.577  2.5 
  113.251  2.5 
  114.067  2.5 
  114.545  2.5 
  115.405  2.5 
  117.266  2.5 
  118.182  2.5 
  119.388  2.5 
  121.631  2.5 
  121.818  2.5 
  123.84  2.5 
  125.455  2.5 
  126.1  2.5 
  128.349  2.5 
  129.091  2.5 
  130.603  2.5 
  132.727  2.5 
  132.893  2.5 
  135.17  2.5 
  136.364  2.5 
  137.482  2.5 
  139.824  2.5 
  140  2.5 
  142.164  2.5 
  143.636  2.5 
  144.539  2.5 
  146.931  2.5 
  147.273  2.5 


# Contour 3, label:        2
 -161.818  2 
 -163.281  2 
 -161.818  2 
 -158.182  2 
 -156.245  2 
 -158.182  2 
 -161.818  2 

 -107.273  2 
 -110.674  2 
 -110.909  2 
 -114.545  2 
 -114.701  2 
 -114.545  2 
 -114.122  2 
 -110.909  2 
 -107.273  2 
 -103.636  2 
 -100  2 
 -96.3636  2 
 -93.9531  2 
 -93.1691  2 
 -96.3636  2 
 -99.9064  2 
 -100  2 
 -103.636  2 
 -107.273  2 

 -85.4545  2 
 -87.2418  2 
 -89.0909  2 
 -90.2692  2 
 -89.0909  2 
 -89.0845  2 
 -85.4545  2 
 -81.8182  2 
 -78.1818  2 
 -75.7165  2 
 -74.5455  2 
 -73.5285  2 
 -74.5455  2 
 -75.4346  2 
 -78.1818  2 
 -81.8182  2 
 -85.4545  2 

 -63.6364  2 
 -65.5737  2 
 -67.2727  2 
 -67.9106  2 
 -67.2727  2 
 -64.6436  2 
 -63.6364  2 
 -60  2 
 -59.0319  2 
 -56.3636  2 
 -54.2032  2 
 -55.3252  2 
 -56.3636  2 
 -60  2 
 -63.6364  2 

 -41.8182  2 
 -44.7449  2 
 -45.4545  2 
 -46.657  2 
 -45.4545  2 
 -41.8182  2 
 -38.1818  2 
 -34.5903  2 
 -34.8054  2 
 -38.1818  2 
 -41.8182  2 

 -20  2 
 -22.573  2 
 -20  2 
 -18.8422  2 
 -20  2 

 -20  2 
 -22.8936  2 
 -23.6364  2 
 -23.8091  2 
 -25.0765  2 
 -23.6364  2 
 -20  2 
 -16.3636  2 
 -15.5459  2 
 -15.2247  2 
 -15.3401  2 
 -16.3636  2 
 -20  2 

  1.81818  2 
 -0.434107  2 
 -1.81818  2 
 -3.75969  2 
 -1.81818  2 
  1.81818  2 
  5.45455  2 
  6.62933  2 
  5.45455  2 
  3.93496  2 
  1.81818  2 

  20  2 
  16.4994  2 
  16.3636  2 
  15.9737  2 
  16.3636  2 
  20  2 
  23.6364  2 
  26.7039  2 
  26.3987  2 
  23.6364  2 
  20  2 

  38.1818  2 
  35.8134  2 
  36.7377  2 
  38.1818  2 
  41.8182  2 
  45.4545  2 
  46.2571  2 
  47.0401  2 
  45.4545  2 
  41.8182  2 
  38.1818  2 

  56.3636  2 
  55.6232  2 
  56.3636  2 
  58.6927  2 
  60  2 
  63.6364  2 
  65.3215  2 
  67.2727  2 
  67.4566  2 
  67.2727  2 
  63.6364  2 
  60  2 
  56.3636  2 

  81.8182  2 
  79.0302  2 
  78.1818  2 
  74.8223  2 
  74.8236  2 
  78.1818  2 
  81.8182  2 
  85.4545  2 
  89.0909  2 
  89.9543  2 
  90.6288  2 
  89.0909  2 
  86.2558  2 
  85.4545  2 
  81.8182  2 

  100  2 
  96.515  2 
  96.3636  2 
  95.3847  2 
  96.3636  2 
  100  2 
  103.636  2 
  107.273  2 
  110.909  2 
  113.352  2 
  110.909  2 
  109.837  2 
  107.273  2 
  103.636  2 
  100  2 

 -180  2 
 -176.364  2 
 -175.546  2 
 -176.364  2 
 -180  2 

 -180  2 
 -177.703  2 
 -176.364  2 
 -173.625  2 
 -172.727  2 
 -169.091  2 
 -168.028  2 
 -165.455  2 
 -161.818  2 
 -159.812  2 
 -158.182  2 
 -154.545  2 
 -150.909  2 
 -147.273  2 
 -143.636  2 
 -140  2 
 -136.364  2 
 -132.727  2 
 -130.945  2 
 -129.091  2 
 -125.455  2 
 -124.453  2 
 -121.818  2 
 -118.182  2 
 -114.545  2 
 -113.689  2 
 -113.361  2 
 -114.545  2 
 -117.752  2 
 -118.182  2 
 -121.818  2 
 -125.455  2 
 -129.091  2 
 -132.727  2 
 -136.364  2 
 -140  2 
 -143.439  2 
 -143.091  2 
 -140  2 
 -136.364  2 
 -134.323  2 
 -133.303  2 
 -134.852  2 
 -136.364  2 
 -140  2 
 -141.573  2 
 -143.636  2 
 -147.081  2 
 -147.273  2 
 -150.819  2 
 -150.909  2 
 -151.17  2 
 -151.586  2 
 -152.257  2 
 -153.279  2 
 -154.545  2 
 -154.553  2 
 -156.265  2 
 -157.743  2 
 -158.182  2 
 -158.907  2 

  180  2 
  176.364  2 
  172.727  2 
  169.091  2 
  165.455  2 
  163.078  2 
  161.818  2 
  158.182  2 
  156.345  2 
  156.495  2 
  158.182  2 
  161.346  2 
  161.818  2 
  165.069  2 
  163.085  2 
  161.818  2 
  158.182  2 
  154.545  2 
  150.909  2 
  147.273  2 
  143.636  2 
  140  2 
  138.047  2 
  136.364  2 
  135.824  2 
  136.364  2 
  138.795  2 
  140  2 
  143.636  2 
  146.016  2 
  146.709  2 
  143.681  2 
  143.636  2 
  140  2 
  136.364  2 
  132.727  2 
  129.091  2 
  125.455  2 
  121.818  2 
  118.182  2 
  115.802  2 
  116.641  2 
  118.182  2 
  121.818  2 
  125.455  2 
  127.68  2 
  129.091  2 
  130.808  2 
  131.169  2 
  129.985  2 
  129.091  2 
  127.048  2 
  125.455  2 
  123.37  2 
  123.08  2 
  124.197  2 
  125.455  2 
  125.466  2 
  126.75  2 
  128.119  2 
  129.091  2 
  129.598  2 
  131.18  2 
  132.727  2 
  132.903  2 
  134.692  2 
  136.364  2 
  136.594  2 
  138.54  2 
  140  2 
  140.563  2 
  142.627  2 
  143.636  2 
  144.74  2 
  146.899  2 
  147.273  2 
  149.083  2 
  150.909  2 
  151.311  2 
  153.558  2 
  154.545  2 
  155.833  2 
  158.134  2 
  158.182  2 
  160.438  2 
  161.818  2 
  162.761  2 
  165.092  2 
  165.455  2 
  167.42  2 
  169.091  2 
  169.752  2 
  172.075  2 
  172.727  2 
  174.387  2 
  176.364  2 
  176.691  2 
  178.973  2 
  180  2 

  176.147  2 
  176.114  2 
  176.253  2 
  176.364  2 
  178.344  2 
  180  2 


# Contour 4, label:      1.5
 -161.818  1.5 
 -163.081  1.5 
 -161.818  1.5 
 -159.735  1.5 
 -161.818  1.5 

 -161.818  1.5 
 -164.763  1.5 
 -165.455  1.5 
 -167.872  1.5 
 -168.924  1.5 
 -168.286  1.5 
 -165.455  1.5 
 -165.363  1.5 
 -161.818  1.5 
 -158.182  1.5 
 -154.545  1.5 
 -150.909  1.5 
 -147.273  1.5 
 -143.636  1.5 
 -140  1.5 
 -138.872  1.5 
 -136.404  1.5 
 -140  1.5 
 -142.007  1.5 
 -143.636  1.5 
 -147.273  1.5 
 -150.451  1.5 
 -150.909  1.5 
 -154.117  1.5 
 -154.545  1.5 
 -158.182  1.5 
 -161.818  1.5 

 -129.091  1.5 
 -131.677  1.5 
 -132.359  1.5 
 -129.091  1.5 
 -125.455  1.5 
 -121.818  1.5 
 -118.182  1.5 
 -115.514  1.5 
 -117.114  1.5 
 -118.182  1.5 
 -121.818  1.5 
 -125.455  1.5 
 -129.091  1.5 

 -107.273  1.5 
 -108.327  1.5 
 -107.953  1.5 
 -107.273  1.5 
 -103.636  1.5 
 -100  1.5 
 -96.3636  1.5 
 -95.9701  1.5 
 -95.4848  1.5 
 -96.3636  1.5 
 -100  1.5 
 -103.636  1.5 
 -107.273  1.5 

 -85.4545  1.5 
 -86.4078  1.5 
 -85.4545  1.5 
 -83.8585  1.5 
 -81.8182  1.5 
 -78.3281  1.5 
 -78.1818  1.5 
 -75.8241  1.5 
 -78.1818  1.5 
 -81.8182  1.5 
 -85.4545  1.5 

 -63.6364  1.5 
 -64.5662  1.5 
 -63.6364  1.5 
 -60  1.5 
 -56.6779  1.5 
 -60  1.5 
 -63.6364  1.5 

 -41.8182  1.5 
 -43.3361  1.5 
 -41.8182  1.5 
 -38.1818  1.5 
 -37.1995  1.5 
 -38.1818  1.5 
 -41.8182  1.5 

 -20  1.5 
 -20.829  1.5 
 -20  1.5 
 -19.2696  1.5 
 -20  1.5 

  20  1.5 
  19.6529  1.5 
  20  1.5 
  20.7801  1.5 
  20  1.5 

  38.1818  1.5 
  37.7615  1.5 
  38.1818  1.5 
  41.8182  1.5 
  43.6015  1.5 
  41.8182  1.5 
  38.1818  1.5 

  60  1.5 
  57.5791  1.5 
  60  1.5 
  63.6364  1.5 
  64.3613  1.5 
  63.6364  1.5 
  60  1.5 

  78.1818  1.5 
  76.7164  1.5 
  76.796  1.5 
  78.1818  1.5 
  81.8182  1.5 
  85.2184  1.5 
  85.4545  1.5 
  86.6116  1.5 
  85.4545  1.5 
  81.8182  1.5 
  78.1818  1.5 

  100  1.5 
  98.655  1.5 
  97.4035  1.5 
  100  1.5 
  103.636  1.5 
  106.496  1.5 
  104.81  1.5 
  103.636  1.5 
  100  1.5 

  118.182  1.5 
  117.354  1.5 
  118.182  1.5 
  120.369  1.5 
  121.818  1.5 
  125.455  1.5 
  125.898  1.5 
  127.269  1.5 
  125.455  1.5 
  121.818  1.5 
  118.182  1.5 

 -180  1.5 
 -178.193  1.5 
 -180  1.5 

  180  1.5 
  176.364  1.5 
  172.727  1.5 
  169.091  1.5 
  165.455  1.5 
  161.818  1.5 
  159.278  1.5 
  160.62  1.5 
  161.818  1.5 
  165.455  1.5 
  167.314  1.5 
  168.493  1.5 
  167.214  1.5 
  165.455  1.5 
  161.818  1.5 
  159.051  1.5 
  158.182  1.5 
  154.545  1.5 
  150.909  1.5 
  147.273  1.5 
  143.636  1.5 
  140  1.5 
  138.054  1.5 
  140  1.5 
  143.636  1.5 
  146.431  1.5 
  147.273  1.5 
  150.181  1.5 
  150.594  1.5 
  149.482  1.5 
  147.273  1.5 
  146.171  1.5 
  143.636  1.5 
  140.729  1.5 
  140  1.5 
  138.355  1.5 
  138.309  1.5 
  138.375  1.5 
  138.176  1.5 
  137.764  1.5 
  137.35  1.5 
  137.172  1.5 
  137.369  1.5 
  137.945  1.5 
  138.834  1.5 
  139.969  1.5 
  140  1.5 
  141.264  1.5 
  142.725  1.5 
  143.636  1.5 
  144.316  1.5 
  146.01  1.5 
  147.273  1.5 
  147.806  1.5 
  149.673  1.5 
  150.909  1.5 
  151.617  1.5 
  153.617  1.5 
  154.545  1.5 
  155.67  1.5 
  157.773  1.5 
  158.182  1.5 
  159.908  1.5 
  161.818  1.5 
  162.086  1.5 
  164.284  1.5 
  165.455  1.5 
  166.51  1.5 
  168.757  1.5 
  169.091  1.5 
  171.012  1.5 
  172.727  1.5 
  173.283  1.5 
  175.555  1.5 
  176.364  1.5 
  177.829  1.5 
  180  1.5 


# Contour 5, label:        1
 -121.818  1 
 -125.143  1 
 -121.818  1 
 -118.182  1 
 -117.512  1 
 -118.182  1 
 -121.818  1 

 -103.636  1 
 -103.882  1 
 -103.892  1 
 -103.636  1 
 -100  1 
 -98.2745  1 
 -98.7448  1 
 -100  1 
 -103.636  1 

 -81.8182  1 
 -82.8808  1 
 -81.8182  1 
 -78.1818  1 
 -78.1091  1 
 -78.1818  1 
 -81.8182  1 

 -60  1 
 -60.5484  1 
 -60  1 
 -59.6264  1 
 -60  1 

  60  1 
  59.6358  1 
  60  1 
  60.6852  1 
  60  1 

  81.8182  1 
  79.8853  1 
  81.3118  1 
  81.8182  1 
  81.9743  1 
  82.8086  1 
  81.8182  1 

  100  1 
  99.6965  1 
  100  1 
  101.05  1 
  100  1 

  121.818  1 
  120.579  1 
  121.818  1 
  122.778  1 
  121.818  1 

  180  1 
  179.902  1 
  176.364  1 
  175.077  1 
  173.5  1 
  172.85  1 
  172.727  1 
  171.63  1 
  169.091  1 
  168.619  1 
  165.455  1 
  161.818  1 
  161.3  1 
  158.182  1 
  156.987  1 
  156.062  1 
  155.701  1 
  154.923  1 
  154.545  1 
  153.563  1 
  151.636  1 
  150.909  1 
  149.596  1 
  148.185  1 
  147.448  1 
  147.273  1 
  147.115  1 
  147.012  1 
  147.089  1 
  147.273  1 
  147.362  1 
  147.849  1 
  148.561  1 
  149.491  1 
  150.62  1 
  150.909  1 
  151.91  1 
  153.349  1 
  154.545  1 
  154.918  1 
  156.589  1 
  158.182  1 
  158.361  1 
  160.206  1 
  161.818  1 
  162.128  1 
  164.106  1 
  165.455  1 
  166.139  1 
  168.216  1 
  169.091  1 
  170.331  1 
  172.481  1 
  172.727  1 
  174.653  1 
  176.364  1 
  176.85  1 
  179.061  1 
  180  1 


# Contour 6, label:      0.5
  180  0.5 
  178.726  0.5 
  177.003  0.5 
  176.364  0.5 
  174.858  0.5 
  172.727  0.5 
  171.648  0.5 
  169.091  0.5 
  167.359  0.5 
  165.455  0.5 
  164.166  0.5 
  162.541  0.5 
  161.818  0.5 
  161.48  0.5 
  160.51  0.5 
  159.435  0.5 
  158.36  0.5 
  158.182  0.5 
  157.442  0.5 
  156.809  0.5 
  156.49  0.5 
  156.456  0.5 
  156.668  0.5 
  157.102  0.5 
  157.745  0.5 
  158.182  0.5 
  158.583  0.5 
  159.602  0.5 
  160.788  0.5 
  161.818  0.5 
  162.123  0.5 
  163.588  0.5 
  165.171  0.5 
  165.455  0.5 
  166.855  0.5 
  168.628  0.5 
  169.091  0.5 
  170.478  0.5 
  172.395  0.5 
  172.727  0.5 
  174.369  0.5 
  176.364  0.5 
  176.394  0.5 
  178.459  0.5 
  180  0.5 

