
# Surface 0 of 1 surfaces

# Curve title: "filename using 2:3:(-$6)"

# Contour 0, label:      1.3
 21.0391 -20  1.3 
 20 -21.5443  1.3 
 16.3636 -22.7119  1.3 
 12.7273 -21.9717  1.3 
 9.09091 -20.5431  1.3 
 8.02491 -20  1.3 
 5.45455 -18.6499  1.3 
 1.81818 -16.7587  1.3 
 1.10369 -16.3636  1.3 
-1.81818 -14.8086  1.3 
-5.30816 -12.7273  1.3 
-5.45455 -12.6375  1.3 
-9.09091 -9.86367  1.3 
-9.96875 -9.09091  1.3 
-12.7273 -6.37595  1.3 
-13.5996 -5.45455  1.3 
-16.3636 -2.16012  1.3 
-16.6511 -1.81818  1.3 
-19.6862  1.81818  1.3 
-20  2.17026  1.3 
-23.0891  5.45455  1.3 
-23.6364  6.06817  1.3 
-26.0757  9.09091  1.3 
-27.2727  10.8684  1.3 
-28.3698  12.7273  1.3 
-29.8599  16.3636  1.3 
-30.6092  20  1.3 
-30.4642  23.6364  1.3 
-28.5862  27.2727  1.3 
-27.2727  28.2574  1.3 
-23.6364  29.2498  1.3 
-20  29.1232  1.3 
-16.3636  28.2598  1.3 
-14.0026  27.2727  1.3 
-12.7273  26.6629  1.3 
-9.09091  24.3321  1.3 
-8.16994  23.6364  1.3 
-5.45455  21.3417  1.3 
-3.96532  20  1.3 
-1.81818  18.063  1.3 
 0.0726499  16.3636  1.3 
 1.81818  14.819  1.3 
 3.98576  12.7273  1.3 
 5.45455  11.2445  1.3 
 7.30141  9.09091  1.3 
 9.09091  6.71732  1.3 
 9.95093  5.45455  1.3 
 12.0104  1.81818  1.3 
 12.7273  0.327066  1.3 
 13.7792 -1.81818  1.3 
 15.5799 -5.45455  1.3 
 16.3636 -6.9771  1.3 
 17.5224 -9.09091  1.3 
 19.5086 -12.7273  1.3 
 20 -13.801  1.3 
 20.9085 -16.3636  1.3 
 21.0391 -20  1.3 


# Contour 1, label:      1.4
 38.621 -5.45455  1.4 
 40.1362 -9.09091  1.4 
 41.2674 -12.7273  1.4 
 41.8182 -15.088  1.4 
 42.1508 -16.3636  1.4 
 43.0886 -20  1.4 
 44.2384 -23.6364  1.4 
 45.2858 -27.2727  1.4 
 45.4545 -28.0623  1.4 
 46.015 -30.9091  1.4 
 46.2989 -34.5455  1.4 
 46.0091 -38.1818  1.4 

 46.0091 -38.1818  1.4 
 45.4545 -40.0003  1.4 
 44.7664 -41.8182  1.4 
 41.8182 -45.3644  1.4 
 41.6826 -45.4545  1.4 
 38.1818 -47.1898  1.4 
 34.5455 -48.0149  1.4 
 30.9091 -48.2353  1.4 
 27.2727 -48.0332  1.4 
 23.6364 -47.5347  1.4 
 20 -46.8428  1.4 
 16.3636 -46.0134  1.4 
 14.3732 -45.4545  1.4 
 12.7273 -44.9996  1.4 
 9.09091 -43.7096  1.4 
 5.45455 -42.0323  1.4 
 5.06162 -41.8182  1.4 
 1.81818 -40.1401  1.4 
-1.81818 -38.2086  1.4 
-1.86993 -38.1818  1.4 
-5.45455 -36.3604  1.4 
-8.65197 -34.5455  1.4 
-9.09091 -34.2811  1.4 
-12.7273 -31.7747  1.4 
-13.7877 -30.9091  1.4 
-16.3636 -28.6811  1.4 
-17.8269 -27.2727  1.4 
-20 -25.1916  1.4 
-21.6794 -23.6364  1.4 
-23.6364 -21.9516  1.4 
-26.1344 -20  1.4 
-27.2727 -19.1283  1.4 
-30.9091 -16.3788  1.4 
-30.9288 -16.3636  1.4 
-34.5455 -13.1304  1.4 
-34.9422 -12.7273  1.4 
-38.0467 -9.09091  1.4 
-38.1818 -8.91616  1.4 
-40.7485 -5.45455  1.4 
-41.8182 -3.96349  1.4 
-43.445 -1.81818  1.4 
-45.4545  0.803901  1.4 
-46.2665  1.81818  1.4 
-48.8897  5.45455  1.4 
-49.0909  5.78972  1.4 
-51.0579  9.09091  1.4 
-52.6874  12.7273  1.4 
-52.7273  12.8439  1.4 
-53.8962  16.3636  1.4 
-54.736  20  1.4 
-55.2619  23.6364  1.4 
-55.4499  27.2727  1.4 
-55.2701  30.9091  1.4 
-54.7308  34.5455  1.4 
-53.8648  38.1818  1.4 
-52.7273  41.5788  1.4 
-52.6401  41.8182  1.4 
-50.633  45.4545  1.4 
-49.0909  47.2152  1.4 
-46.6939  49.0909  1.4 
-45.4545  49.7969  1.4 
-41.8182  51.1459  1.4 
-38.1818  51.9112  1.4 
-34.5455  52.2918  1.4 
-30.9091  52.3394  1.4 
-27.2727  52.0563  1.4 
-23.6364  51.4545  1.4 
-20  50.5686  1.4 
-16.3636  49.4304  1.4 
-15.4602  49.0909  1.4 
-12.7273  48.0495  1.4 
-9.09091  46.3433  1.4 
-7.54581  45.4545  1.4 
-5.45455  44.2706  1.4 
-1.81818  41.8196  1.4 
 1.81818  39.41  1.4 
 3.66458  38.1818  1.4 
 5.45455  36.9769  1.4 
 8.71942  34.5455  1.4 
 9.09091  34.2398  1.4 
 12.6286  30.9091  1.4 
 12.7273  30.8045  1.4 
 15.6752  27.2727  1.4 
 16.3636  26.3838  1.4 
 18.4082  23.6364  1.4 
 20  21.5096  1.4 
 21.2841  20  1.4 
 23.6364  17.4903  1.4 
 24.7629  16.3636  1.4 
 27.2727  13.6193  1.4 
 28.0806  12.7273  1.4 
 30.838  9.09091  1.4 
 30.9091  8.98305  1.4 
 33.0943  5.45455  1.4 
 34.5455  2.79925  1.4 
 35.0531  1.81818  1.4 
 36.8841 -1.81818  1.4 
 38.1818 -4.56411  1.4 
 38.621 -5.45455  1.4 


# Contour 2, label:      1.5
-60  64.8908  1.5 
-56.3636  66.2995  1.5 
-53.0979  67.2727  1.5 
-52.7273  67.3827  1.5 
-49.0909  68.3275  1.5 
-45.4545  69.2681  1.5 
-41.8182  70.2699  1.5 
-39.6329  70.9091  1.5 
-38.1818  71.383  1.5 
-34.5455  72.5894  1.5 
-30.9091  73.7654  1.5 
-28.1541  74.5455  1.5 
-27.2727  74.8321  1.5 
-23.6364  75.7184  1.5 
-20  76.2263  1.5 
-16.3636  76.2097  1.5 
-12.7273  75.6417  1.5 
-9.16347  74.5455  1.5 
-9.09091  74.5249  1.5 
-5.45455  73.0619  1.5 
-1.81818  71.1294  1.5 
-1.48333  70.9091  1.5 
 1.81818  68.7802  1.5 
 3.56681  67.2727  1.5 
 5.45455  65.5999  1.5 
 7.19345  63.6364  1.5 
 9.09091  61.4868  1.5 
 10.2371  60  1.5 
 12.7273  57.1542  1.5 
 13.398  56.3636  1.5 
 16.3636  53.4792  1.5 
 17.1629  52.7273  1.5 
 20  50.2888  1.5 
 21.3024  49.0909  1.5 
 23.6364  46.8997  1.5 
 24.9501  45.4545  1.5 
 27.2727  42.6287  1.5 
 27.874  41.8182  1.5 
 30.506  38.1818  1.5 
 30.9091  37.6559  1.5 
 33.479  34.5455  1.5 
 34.5455  33.4261  1.5 
 37.282  30.9091  1.5 
 38.1818  30.1444  1.5 
 41.6898  27.2727  1.5 
 41.8182  27.1638  1.5 
 45.4545  23.6667  1.5 
 45.483  23.6364  1.5 
 48.3885  20  1.5 
 49.0909  18.9858  1.5 
 51.0279  16.3636  1.5 
 52.7273  14.1205  1.5 
 53.9839  12.7273  1.5 
 56.3636  10.2096  1.5 
 57.664  9.09091  1.5 
 60  6.96222  1.5 
 61.7793  5.45455  1.5 
 63.6364  3.48884  1.5 
 65.1419  1.81818  1.5 
 67.2727 -1.72955  1.5 
 67.3271 -1.81818  1.5 
 68.8287 -5.45455  1.5 
 69.7724 -9.09091  1.5 
 70.2805 -12.7273  1.5 
 70.4058 -16.3636  1.5 
 70.1988 -20  1.5 
 69.718 -23.6364  1.5 
 69.021 -27.2727  1.5 
 68.1602 -30.9091  1.5 

 68.1602 -30.9091  1.5 
 67.2727 -34.2376  1.5 
 67.2 -34.5455  1.5 
 66.2673 -38.1818  1.5 
 65.3854 -41.8182  1.5 
 64.5767 -45.4545  1.5 
 63.7206 -49.0909  1.5 
 63.6364 -49.3859  1.5 
 62.6392 -52.7273  1.5 
 61.1634 -56.3636  1.5 
 60 -58.3586  1.5 
 58.6047 -60  1.5 
 56.3636 -61.6838  1.5 
 52.7996 -63.6364  1.5 
 52.7273 -63.671  1.5 
 49.0909 -65.0965  1.5 
 45.4545 -66.3215  1.5 
 42.3032 -67.2727  1.5 
 41.8182 -67.4265  1.5 
 38.1818 -68.5052  1.5 
 34.5455 -69.5394  1.5 
 30.9091 -70.477  1.5 
 28.871 -70.9091  1.5 
 27.2727 -71.3019  1.5 
 23.6364 -71.9596  1.5 
 20 -72.337  1.5 
 16.3636 -72.351  1.5 
 12.7273 -71.9616  1.5 
 9.09091 -71.1552  1.5 
 8.37276 -70.9091  1.5 
 5.45455 -70.0025  1.5 
 1.81818 -68.403  1.5 
-0.0164331 -67.2727  1.5 
-1.81818 -66.2017  1.5 
-4.86908 -63.6364  1.5 
-5.45455 -63.1347  1.5 
-8.42958 -60  1.5 
-9.09091 -59.3456  1.5 
-11.8924 -56.3636  1.5 
-12.7273 -55.6075  1.5 
-15.928 -52.7273  1.5 
-16.3636 -52.3879  1.5 
-20 -49.5121  1.5 
-20.4977 -49.0909  1.5 
-23.6364 -46.4404  1.5 
-24.6332 -45.4545  1.5 
-27.2727 -42.667  1.5 
-27.9974 -41.8182  1.5 
-30.9091 -38.4077  1.5 
-31.103 -38.1818  1.5 
-34.5455 -34.6893  1.5 
-34.7075 -34.5455  1.5 
-38.1818 -31.8215  1.5 
-39.5168 -30.9091  1.5 
-41.8182 -29.3429  1.5 
-44.7651 -27.2727  1.5 
-45.4545 -26.7375  1.5 
-49.0517 -23.6364  1.5 
-49.0909 -23.5971  1.5 
-52.604 -20  1.5 
-52.7273 -19.8665  1.5 
-56.2682 -16.3636  1.5 
-56.3636 -16.2731  1.5 
-60 -13.4427  1.5 
-61.1511 -12.7273  1.5 
-63.6364 -11.0484  1.5 
-66.691 -9.09091  1.5 
-67.2727 -8.65037  1.5 
-70.9091 -5.82645  1.5 
-71.3663 -5.45455  1.5 
-74.5455 -2.17951  1.5 
-74.8872 -1.81818  1.5 
-77.814  1.81818  1.5 
-78.1818  2.33463  1.5 
-80.6604  5.45455  1.5 
-81.8182  7.34525  1.5 
-82.9205  9.09091  1.5 
-84.3904  12.7273  1.5 
-85.054  16.3636  1.5 
-84.9956  20  1.5 
-84.2788  23.6364  1.5 
-83.0618  27.2727  1.5 
-81.8182  30.2083  1.5 
-81.535  30.9091  1.5 
-79.8454  34.5455  1.5 
-78.1818  37.9314  1.5 
-78.0644  38.1818  1.5 
-76.223  41.8182  1.5 
-74.5455  45.1275  1.5 
-74.3908  45.4545  1.5 
-72.6109  49.0909  1.5 
-70.9091  52.5123  1.5 
-70.8064  52.7273  1.5 
-68.816  56.3636  1.5 
-67.2727  58.6621  1.5 
-66.2966  60  1.5 
-63.6364  62.6071  1.5 
-62.2142  63.6364  1.5 
-60  64.8908  1.5 

-180 -11.1601  1.5 
-176.364 -11.2017  1.5 
-172.727 -10.776  1.5 
-169.091 -9.82155  1.5 
-167.364 -9.09091  1.5 
-165.455 -7.82574  1.5 
-162.949 -5.45455  1.5 
-161.818 -2.80309  1.5 
-161.495 -1.81818  1.5 
-161.818 -0.169397  1.5 
-162.27  1.81818  1.5 
-164.96  5.45455  1.5 
-165.455  5.89725  1.5 
-169.037  9.09091  1.5 
-169.091  9.12982  1.5 
-172.727  11.6022  1.5 
-174.539  12.7273  1.5 
-176.364  13.6945  1.5 
-180  15.1274  1.5 

 12.0159  180  1.5 
 10.2634  176.364  1.5 
 9.09091  174.54  1.5 
 7.46442  172.727  1.5 
 5.45455  170.966  1.5 
 1.81818  169.233  1.5 
 0.848803  169.091  1.5 
-1.81818  168.738  1.5 
-4.54235  169.091  1.5 
-5.45455  169.209  1.5 
-9.09091  170.588  1.5 
-12.6987  172.727  1.5 
-12.7273  172.746  1.5 
-16.3636  175.887  1.5 
-16.7975  176.364  1.5 
-19.56  180  1.5 

 12.1991 -180  1.5 
 12.159 -176.364  1.5 
 11.6664 -172.727  1.5 
 10.6418 -169.091  1.5 
 9.09091 -165.659  1.5 
 8.96474 -165.455  1.5 
 5.92417 -161.818  1.5 
 5.45455 -161.372  1.5 
 1.81818 -159.105  1.5 
-1.38242 -158.182  1.5 
-1.81818 -158.071  1.5 
-4.90375 -158.182  1.5 
-5.45455 -158.204  1.5 
-9.09091 -159.605  1.5 
-11.9941 -161.818  1.5 
-12.7273 -162.526  1.5 
-14.7122 -165.455  1.5 
-16.3636 -168.871  1.5 
-16.4436 -169.091  1.5 
-17.3658 -172.727  1.5 
-17.8896 -176.364  1.5 
-18.0108 -180  1.5 

 180 -11.0782  1.5 
 176.364 -12.3561  1.5 
 174.139 -12.7273  1.5 
 172.727 -12.9114  1.5 
 169.091 -12.8907  1.5 
 167.956 -12.7273  1.5 
 165.455 -12.3155  1.5 
 161.818 -11.1334  1.5 
 158.182 -9.32268  1.5 
 157.841 -9.09091  1.5 
 154.545 -6.19954  1.5 
 153.878 -5.45455  1.5 
 151.775 -1.81818  1.5 
 150.909  1.78094  1.5 
 150.901  1.81818  1.5 
 150.909  1.93962  1.5 
 151.169  5.45455  1.5 
 152.543  9.09091  1.5 
 154.545  12.1164  1.5 
 155.052  12.7273  1.5 
 158.182  15.4821  1.5 
 159.641  16.3636  1.5 
 161.818  17.3919  1.5 
 165.455  18.24  1.5 
 169.091  18.3904  1.5 
 172.727  17.9572  1.5 
 176.364  17.0064  1.5 
 178.014  16.3636  1.5 
 180  15.3577  1.5 


# Contour 3, label:      1.6
-56.7809 -180  1.6 
-56.3636 -177.864  1.6 
-56.0747 -176.364  1.6 
-55.2941 -172.727  1.6 
-54.4142 -169.091  1.6 
-53.3959 -165.455  1.6 
-52.7273 -163.416  1.6 
-52.2136 -161.818  1.6 
-50.866 -158.182  1.6 
-49.3536 -154.545  1.6 
-49.0909 -153.968  1.6 
-47.7445 -150.909  1.6 
-46.0293 -147.273  1.6 
-45.4545 -146.116  1.6 
-44.2431 -143.636  1.6 
-42.3994 -140  1.6 
-41.8182 -138.863  1.6 
-40.537 -136.364  1.6 
-38.6873 -132.727  1.6 
-38.1818 -131.691  1.6 
-36.8851 -129.091  1.6 
-35.2281 -125.455  1.6 
-34.5455 -123.679  1.6 
-33.8006 -121.818  1.6 
-32.6971 -118.182  1.6 
-31.9583 -114.545  1.6 
-31.559 -110.909  1.6 
-31.4648 -107.273  1.6 
-31.6348 -103.636  1.6 
-32.0294 -100  1.6 
-32.62 -96.3636  1.6 
-33.3843 -92.7273  1.6 
-34.2963 -89.0909  1.6 
-34.5455 -88.1932  1.6 
-35.3046 -85.4545  1.6 
-36.4069 -81.8182  1.6 
-37.58 -78.1818  1.6 
-38.1818 -76.4349  1.6 
-38.845 -74.5455  1.6 
-40.3798 -70.9091  1.6 
-41.8182 -68.1612  1.6 
-42.2988 -67.2727  1.6 
-44.5608 -63.6364  1.6 
-45.4545 -62.2827  1.6 
-47.1052 -60  1.6 
-49.0909 -57.4601  1.6 
-50.1216 -56.3636  1.6 
-52.7273 -53.9537  1.6 
-54.3357 -52.7273  1.6 
-56.3636 -51.4281  1.6 
-60 -49.3349  1.6 
-60.4286 -49.0909  1.6 
-63.6364 -47.4585  1.6 
-67.2727 -45.622  1.6 
-67.6216 -45.4545  1.6 
-70.9091 -43.9316  1.6 
-74.5455 -42.4678  1.6 
-76.4129 -41.8182  1.6 
-78.1818 -41.2195  1.6 
-81.8182 -40.1077  1.6 
-85.4545 -39.0916  1.6 
-89.0284 -38.1818  1.6 
-89.0909 -38.1659  1.6 
-92.7273 -37.302  1.6 
-96.3636 -36.5179  1.6 
-100 -35.8152  1.6 
-103.636 -35.206  1.6 
-107.273 -34.7296  1.6 
-109.502 -34.5455  1.6 
-110.909 -34.4244  1.6 
-114.545 -34.3408  1.6 
-118.182 -34.5329  1.6 
-118.271 -34.5455  1.6 
-121.818 -35.0223  1.6 
-125.455 -35.8251  1.6 
-129.091 -36.8962  1.6 
-132.727 -38.1803  1.6 
-132.731 -38.1818  1.6 
-136.364 -39.5999  1.6 
-140 -41.1471  1.6 
-141.485 -41.8182  1.6 
-143.636 -42.7884  1.6 
-147.273 -44.4338  1.6 
-149.633 -45.4545  1.6 
-150.909 -46.0079  1.6 
-154.545 -47.4414  1.6 
-158.182 -48.6641  1.6 
-159.788 -49.0909  1.6 
-161.818 -49.6376  1.6 
-165.455 -50.3522  1.6 
-169.091 -50.8511  1.6 
-172.727 -51.211  1.6 
-176.364 -51.5081  1.6 
-180 -51.8111  1.6 

-55.8984  180  1.6 
-54.4511  176.364  1.6 
-53.0421  172.727  1.6 
-52.7273  171.908  1.6 
-51.6531  169.091  1.6 
-50.2369  165.455  1.6 
-49.0909  162.599  1.6 
-48.7745  161.818  1.6 
-47.2701  158.182  1.6 
-45.7296  154.545  1.6 
-45.4545  153.911  1.6 
-44.1446  150.909  1.6 
-42.5118  147.273  1.6 
-41.8182  145.782  1.6 
-40.8024  143.636  1.6 
-38.9857  140  1.6 
-38.1818  138.491  1.6 
-37.0124  136.364  1.6 
-35.1089  132.727  1.6 
-34.5455  131.475  1.6 
-33.4395  129.091  1.6 
-32.2038  125.455  1.6 
-31.5949  121.818  1.6 
-31.7337  118.182  1.6 
-32.665  114.545  1.6 
-34.3623  110.909  1.6 
-34.5455  110.625  1.6 
-36.5623  107.273  1.6 
-38.1818  105.1  1.6 
-39.1811  103.636  1.6 
-41.8182  100.141  1.6 
-41.915  100  1.6 
-44.5263  96.3636  1.6 
-45.4545  95.2312  1.6 
-47.5391  92.7273  1.6 
-49.0909  91.1454  1.6 
-51.2417  89.0909  1.6 
-52.7273  87.8753  1.6 
-55.9938  85.4545  1.6 
-56.3636  85.2165  1.6 
-60  83.2226  1.6 
-63.6364  81.8574  1.6 
-63.7773  81.8182  1.6 
-67.2727  80.9345  1.6 
-70.9091  79.9322  1.6 
-74.5455  78.6353  1.6 
-75.4868  78.1818  1.6 
-78.1818  76.5215  1.6 
-80.2276  74.5455  1.6 
-81.8182  72.6393  1.6 
-83.0178  70.9091  1.6 
-85.2708  67.2727  1.6 
-85.4545  66.9641  1.6 
-87.4293  63.6364  1.6 
-89.0909  60.9924  1.6 
-89.7337  60  1.6 
-92.3068  56.3636  1.6 
-92.7273  55.807  1.6 
-95.2611  52.7273  1.6 
-96.3636  51.4414  1.6 
-98.6564  49.0909  1.6 
-100  47.7209  1.6 
-102.612  45.4545  1.6 
-103.636  44.5492  1.6 
-107.273  41.9089  1.6 
-107.432  41.8182  1.6 
-110.909  39.768  1.6 
-114.545  38.2356  1.6 
-114.764  38.1818  1.6 
-118.182  37.3009  1.6 
-121.818  37.0733  1.6 
-125.455  37.4998  1.6 
-128.059  38.1818  1.6 
-129.091  38.434  1.6 
-132.727  39.6796  1.6 
-136.364  41.1352  1.6 
-138.036  41.8182  1.6 
-140  42.5506  1.6 
-143.636  43.7787  1.6 
-147.273  45.0412  1.6 
-148.415  45.4545  1.6 
-150.909  46.3926  1.6 
-154.545  47.7878  1.6 
-158.05  49.0909  1.6 
-158.182  49.1419  1.6 
-161.818  50.4114  1.6 
-165.455  51.5322  1.6 
-169.091  52.5514  1.6 
-169.74  52.7273  1.6 
-172.727  53.5306  1.6 
-176.364  54.5113  1.6 
-180  55.5319  1.6 

 180  55.5219  1.6 
 176.364  55.5975  1.6 
 172.727  55.625  1.6 
 169.091  55.5224  1.6 
 165.455  55.2125  1.6 
 161.818  54.6167  1.6 
 158.182  53.6675  1.6 
 155.549  52.7273  1.6 
 154.545  52.3771  1.6 
 150.909  50.8179  1.6 
 147.393  49.0909  1.6 
 147.273  49.032  1.6 
 143.636  47.1209  1.6 
 140.535  45.4545  1.6 
 140  45.1636  1.6 
 136.364  43.2721  1.6 
 133.355  41.8182  1.6 
 132.727  41.5118  1.6 
 129.091  39.8899  1.6 
 125.455  38.4559  1.6 
 124.622  38.1818  1.6 
 121.818  37.2272  1.6 
 118.182  36.2814  1.6 
 114.545  35.6336  1.6 
 110.909  35.2641  1.6 
 107.273  35.1539  1.6 
 103.636  35.282  1.6 
 100  35.6302  1.6 
 96.3636  36.1842  1.6 
 92.7273  36.9174  1.6 
 89.0909  37.8018  1.6 
 87.6896  38.1818  1.6 
 85.4545  38.7807  1.6 
 81.8182  39.8201  1.6 
 78.1818  40.8452  1.6 
 74.8678  41.8182  1.6 
 74.5455  41.9142  1.6 
 70.9091  43.2173  1.6 
 67.2727  44.9628  1.6 
 66.4073  45.4545  1.6 
 63.6364  47.1172  1.6 
 60.7274  49.0909  1.6 
 60  49.6588  1.6 
 56.4864  52.7273  1.6 
 56.3636  52.8555  1.6 
 53.4001  56.3636  1.6 
 52.7273  57.2686  1.6 
 50.9964  60  1.6 
 49.0909  63.2984  1.6 
 48.9183  63.6364  1.6 
 47.0991  67.2727  1.6 
 45.5002  70.9091  1.6 
 45.4545  71.0236  1.6 
 44.1048  74.5455  1.6 
 42.8895  78.1818  1.6 
 41.8182  81.4826  1.6 
 41.7076  81.8182  1.6 
 40.4291  85.4545  1.6 
 39.1909  89.0909  1.6 
 38.1818  92.1879  1.6 
 37.9991  92.7273  1.6 
 36.8043  96.3636  1.6 
 35.6561  100  1.6 
 34.5749  103.636  1.6 
 34.5455  103.75  1.6 
 33.5891  107.273  1.6 
 32.8571  110.909  1.6 
 32.4604  114.545  1.6 
 32.4687  118.182  1.6 
 32.9284  121.818  1.6 
 33.8305  125.455  1.6 
 34.5455  127.51  1.6 
 35.0699  129.091  1.6 
 36.5231  132.727  1.6 
 38.1268  136.364  1.6 
 38.1818  136.485  1.6 
 39.7301  140  1.6 
 41.2909  143.636  1.6 
 41.8182  144.923  1.6 
 42.7688  147.273  1.6 
 44.1566  150.909  1.6 
 45.4451  154.545  1.6 
 45.4545  154.574  1.6 
 46.6239  158.182  1.6 
 47.6941  161.818  1.6 
 48.6666  165.455  1.6 
 49.0909  167.164  1.6 
 49.5712  169.091  1.6 
 50.4446  172.727  1.6 
 51.3271  176.364  1.6 
 52.2583  180  1.6 

 180 -51.8183  1.6 
 176.364 -51.7089  1.6 
 172.727 -51.5616  1.6 
 169.091 -51.32  1.6 
 165.455 -50.9221  1.6 
 161.818 -50.3059  1.6 
 158.182 -49.428  1.6 
 157.106 -49.0909  1.6 
 154.545 -48.2888  1.6 
 150.909 -46.9168  1.6 
 147.489 -45.4545  1.6 
 147.273 -45.3609  1.6 
 143.636 -43.6596  1.6 
 140 -41.8957  1.6 
 139.84 -41.8182  1.6 
 136.364 -40.0939  1.6 
 132.727 -38.404  1.6 
 132.179 -38.1818  1.6 
 129.091 -36.8957  1.6 
 125.455 -35.7231  1.6 
 121.818 -35.0038  1.6 
 118.182 -34.8274  1.6 
 114.545 -35.2075  1.6 
 110.909 -36.0979  1.6 
 107.273 -37.45  1.6 
 105.75 -38.1818  1.6 
 103.636 -39.1166  1.6 
 100 -40.9479  1.6 
 98.3512 -41.8182  1.6 
 96.3636 -42.7965  1.6 
 92.7273 -44.9638  1.6 
 92.0687 -45.4545  1.6 
 89.0909 -47.7155  1.6 
 87.6648 -49.0909  1.6 
 85.4545 -51.3211  1.6 
 84.3254 -52.7273  1.6 
 81.8182 -55.9995  1.6 
 81.5889 -56.3636  1.6 
 79.4985 -60  1.6 
 78.1818 -62.8034  1.6 
 77.8234 -63.6364  1.6 
 76.1873 -67.2727  1.6 
 74.5455 -70.1628  1.6 
 74.0483 -70.9091  1.6 
 70.9091 -74.4231  1.6 
 70.7673 -74.5455  1.6 
 67.2727 -77.0364  1.6 
 65.2116 -78.1818  1.6 
 63.6364 -79.0339  1.6 
 60 -80.9875  1.6 
 58.6505 -81.8182  1.6 
 56.3636 -83.4501  1.6 
 53.7066 -85.4545  1.6 
 52.7273 -86.3011  1.6 
 49.6464 -89.0909  1.6 
 49.0909 -89.6841  1.6 
 46.3503 -92.7273  1.6 
 45.4545 -93.9204  1.6 
 43.6331 -96.3636  1.6 
 41.8182 -99.213  1.6 
 41.2814 -100  1.6 
 38.9354 -103.636  1.6 
 38.1818 -104.958  1.6 
 36.7492 -107.273  1.6 
 34.9717 -110.909  1.6 
 34.5455 -112.138  1.6 
 33.6537 -114.545  1.6 
 32.9384 -118.182  1.6 
 32.8797 -121.818  1.6 
 33.4347 -125.455  1.6 
 34.5032 -129.091  1.6 
 34.5455 -129.196  1.6 
 35.8966 -132.727  1.6 
 37.5585 -136.364  1.6 
 38.1818 -137.608  1.6 
 39.343 -140  1.6 
 41.161 -143.636  1.6 
 41.8182 -144.967  1.6 
 42.9417 -147.273  1.6 
 44.6302 -150.909  1.6 
 45.4545 -152.854  1.6 
 46.1743 -154.545  1.6 
 47.5243 -158.182  1.6 
 48.6391 -161.818  1.6 
 49.0909 -163.689  1.6 
 49.5261 -165.455  1.6 
 50.2171 -169.091  1.6 
 50.7649 -172.727  1.6 
 51.2349 -176.364  1.6 
 51.686 -180  1.6 


# Contour 4, label:      1.7
-76.4324  136.364  1.7 
-74.5455  133.805  1.7 
-73.8136  132.727  1.7 
-71.5881  129.091  1.7 
-70.9091  127.682  1.7 
-69.8811  125.455  1.7 
-68.8687  121.818  1.7 
-68.7542  118.182  1.7 
-69.6869  114.545  1.7 

-69.6869  114.545  1.7 
-70.9091  112.345  1.7 
-71.7872  110.909  1.7 
-74.5455  108.014  1.7 
-75.3019  107.273  1.7 
-78.1818  105.143  1.7 
-80.185  103.636  1.7 
-81.8182  102.606  1.7 
-85.4545  100.045  1.7 
-85.5119  100  1.7 
-89.0909  97.4162  1.7 
-90.3817  96.3636  1.7 
-92.7273  94.4787  1.7 
-94.6995  92.7273  1.7 
-96.3636  91.1962  1.7 
-98.5292  89.0909  1.7 
-100  87.5651  1.7 
-102.02  85.4545  1.7 
-103.636  83.6221  1.7 
-105.334  81.8182  1.7 
-107.273  79.6568  1.7 
-108.931  78.1818  1.7 
-110.909  76.5258  1.7 
-114.545  74.768  1.7 
-118.182  74.5687  1.7 
-121.818  76.2301  1.7 
-123.584  78.1818  1.7 
-125.455  80.581  1.7 
-126.202  81.8182  1.7 
-128.886  85.4545  1.7 
-129.091  85.6687  1.7 
-132.727  88.9711  1.7 
-132.908  89.0909  1.7 
-136.364  91.0435  1.7 
-140  92.3479  1.7 
-141.573  92.7273  1.7 
-143.636  93.3146  1.7 
-147.273  94.1169  1.7 
-150.909  94.8077  1.7 
-154.545  95.5344  1.7 
-157.623  96.3636  1.7 
-158.182  96.589  1.7 
-161.818  98.2987  1.7 
-164.594  100  1.7 
-165.455  100.685  1.7 
-168.576  103.636  1.7 
-169.091  104.325  1.7 
-171.142  107.273  1.7 
-172.696  110.909  1.7 
-172.727  111.279  1.7 
-173.005  114.545  1.7 
-172.727  115.32  1.7 
-171.579  118.182  1.7 
-169.091  120.679  1.7 
-168.005  121.818  1.7 
-165.455  123.611  1.7 
-163.088  125.455  1.7 
-161.818  126.246  1.7 
-158.182  128.785  1.7 
-157.787  129.091  1.7 
-154.545  131.334  1.7 
-152.716  132.727  1.7 
-150.909  134.044  1.7 
-147.934  136.364  1.7 
-147.273  136.881  1.7 
-143.636  139.839  1.7 
-143.445  140  1.7 
-140  143.104  1.7 
-139.439  143.636  1.7 
-136.364  146.687  1.7 
-135.756  147.273  1.7 
-132.727  150.332  1.7 
-132.109  150.909  1.7 
-129.091  153.916  1.7 
-128.372  154.545  1.7 
-125.455  157.291  1.7 
-124.289  158.182  1.7 
-121.818  160.163  1.7 
-118.752  161.818  1.7 
-118.182  162.132  1.7 
-114.545  163.099  1.7 
-110.909  163.151  1.7 
-107.273  162.404  1.7 
-105.778  161.818  1.7 
-103.636  161.007  1.7 
-100  159.098  1.7 
-98.5672  158.182  1.7 
-96.3636  156.837  1.7 
-93.335  154.545  1.7 
-92.7273  154.102  1.7 
-89.1321  150.909  1.7 
-89.0909  150.874  1.7 
-85.5345  147.273  1.7 
-85.4545  147.195  1.7 
-82.3122  143.636  1.7 
-81.8182  143.097  1.7 
-79.3033  140  1.7 
-78.1818  138.662  1.7 
-76.4324  136.364  1.7 

-70.7628 -114.545  1.7 
-70.9091 -115.214  1.7 
-71.6108 -118.182  1.7 
-72.9345 -121.818  1.7 
-74.5455 -125.032  1.7 
-74.7906 -125.455  1.7 
-77.3843 -129.091  1.7 
-78.1818 -130.076  1.7 
-80.7532 -132.727  1.7 
-81.8182 -133.752  1.7 
-85.1402 -136.364  1.7 
-85.4545 -136.6  1.7 
-89.0909 -138.857  1.7 
-91.2804 -140  1.7 
-92.7273 -140.753  1.7 
-96.3636 -142.449  1.7 
-98.9487 -143.636  1.7 
-100 -144.134  1.7 
-103.636 -145.89  1.7 
-106.734 -147.273  1.7 
-107.273 -147.523  1.7 
-110.909 -148.888  1.7 
-114.545 -149.673  1.7 
-118.182 -149.692  1.7 
-121.818 -148.841  1.7 
-125.094 -147.273  1.7 
-125.455 -147.108  1.7 
-129.091 -144.698  1.7 
-130.404 -143.636  1.7 
-132.727 -141.735  1.7 
-134.682 -140  1.7 
-136.364 -138.494  1.7 
-138.83 -136.364  1.7 
-140 -135.314  1.7 
-143.158 -132.727  1.7 
-143.636 -132.286  1.7 
-147.273 -129.249  1.7 
-147.484 -129.091  1.7 
-150.909 -126.087  1.7 
-151.744 -125.455  1.7 
-154.545 -122.799  1.7 
-155.782 -121.818  1.7 
-158.182 -119.111  1.7 
-159.135 -118.182  1.7 
-161.174 -114.545  1.7 
-161.683 -110.909  1.7 
-160.716 -107.273  1.7 
-158.442 -103.636  1.7 
-158.182 -103.325  1.7 
-156.152 -100  1.7 
-154.545 -97.588  1.7 
-153.843 -96.3636  1.7 
-151.284 -92.7273  1.7 
-150.909 -92.3155  1.7 
-148.41 -89.0909  1.7 
-147.273 -87.9489  1.7 
-145.128 -85.4545  1.7 
-143.636 -84.0777  1.7 
-141.439 -81.8182  1.7 
-140 -80.6063  1.7 
-137.283 -78.1818  1.7 
-136.364 -77.4919  1.7 
-132.727 -74.8017  1.7 
-132.353 -74.5455  1.7 
-129.091 -72.641  1.7 
-125.518 -70.9091  1.7 
-125.455 -70.882  1.7 
-121.818 -69.6938  1.7 
-118.182 -68.95  1.7 
-114.545 -68.6353  1.7 
-110.909 -68.7026  1.7 
-107.273 -69.0961  1.7 
-103.636 -69.7586  1.7 
-100 -70.636  1.7 
-99.056 -70.9091  1.7 
-96.3636 -71.7768  1.7 
-92.7273 -73.1193  1.7 
-89.3247 -74.5455  1.7 
-89.0909 -74.6561  1.7 
-85.4545 -76.6401  1.7 
-83.0306 -78.1818  1.7 
-81.8182 -79.1126  1.7 
-79.0286 -81.8182  1.7 
-78.1818 -82.887  1.7 
-76.4666 -85.4545  1.7 
-74.5455 -88.9729  1.7 
-74.4873 -89.0909  1.7 
-73.0496 -92.7273  1.7 
-71.908 -96.3636  1.7 
-71.0504 -100  1.7 
-70.9091 -100.904  1.7 
-70.5203 -103.636  1.7 
-70.2826 -107.273  1.7 
-70.352 -110.909  1.7 
-70.7628 -114.545  1.7 

 156.309  110.909  1.7 
 154.545  108.122  1.7 
 154.119  107.273  1.7 
 151.587  103.636  1.7 
 150.909  102.791  1.7 
 148.911  100  1.7 
 147.273  97.9101  1.7 
 146.136  96.3636  1.7 
 143.636  93.1981  1.7 
 143.284  92.7273  1.7 
 140.277  89.0909  1.7 
 140  88.7928  1.7 
 136.926  85.4545  1.7 
 136.364  84.9149  1.7 
 133.024  81.8182  1.7 
 132.727  81.5752  1.7 
 129.091  78.7999  1.7 
 128.178  78.1818  1.7 
 125.455  76.5563  1.7 
 121.818  74.8195  1.7 
 120.99  74.5455  1.7 
 118.182  73.6936  1.7 
 114.545  73.0563  1.7 
 110.909  72.8266  1.7 
 107.273  72.9538  1.7 
 103.636  73.3937  1.7 
 100  74.102  1.7 
 98.2876  74.5455  1.7 
 96.3636  75.0908  1.7 
 92.7273  76.374  1.7 
 89.0909  77.9419  1.7 
 88.6374  78.1818  1.7 
 85.4545  80.0766  1.7 
 83.1214  81.8182  1.7 
 81.8182  82.9795  1.7 
 79.6671  85.4545  1.7 
 78.1818  87.394  1.7 
 77.0867  89.0909  1.7 
 74.9312  92.7273  1.7 
 74.5455  93.4316  1.7 
 73.1273  96.3636  1.7 
 71.5111  100  1.7 
 70.9091  101.523  1.7 
 70.1567  103.636  1.7 
 69.0842  107.273  1.7 
 68.3165  110.909  1.7 
 67.9487  114.545  1.7 
 68.0767  118.182  1.7 
 68.7719  121.818  1.7 
 70.03  125.455  1.7 
 70.9091  127.315  1.7 
 71.8433  129.091  1.7 
 74.1228  132.727  1.7 
 74.5455  133.354  1.7 
 76.9035  136.364  1.7 
 78.1818  137.984  1.7 
 80.0764  140  1.7 
 81.8182  141.959  1.7 
 83.6434  143.636  1.7 
 85.4545  145.453  1.7 
 87.7455  147.273  1.7 
 89.0909  148.467  1.7 
 92.6078  150.909  1.7 
 92.7273  151.002  1.7 
 96.3636  153.225  1.7 
 98.9685  154.545  1.7 
 100  155.107  1.7 
 103.636  156.918  1.7 
 106.678  158.182  1.7 
 107.273  158.457  1.7 
 110.909  159.449  1.7 
 114.545  159.574  1.7 
 118.182  158.738  1.7 
 119.206  158.182  1.7 
 121.818  156.819  1.7 
 124.678  154.545  1.7 
 125.455  153.981  1.7 
 128.723  150.909  1.7 
 129.091  150.592  1.7 
 132.273  147.273  1.7 
 132.727  146.832  1.7 
 135.599  143.636  1.7 
 136.364  142.839  1.7 
 138.889  140  1.7 
 140  138.848  1.7 
 142.406  136.364  1.7 
 143.636  135.091  1.7 
 145.937  132.727  1.7 
 147.273  131.245  1.7 
 149.323  129.091  1.7 
 150.909  127.116  1.7 
 152.439  125.455  1.7 
 154.545  122.377  1.7 
 155.031  121.818  1.7 
 156.883  118.182  1.7 
 157.32  114.545  1.7 
 156.309  110.909  1.7 

 161.763 -103.636  1.7 
 161.818 -104.046  1.7 
 162.391 -107.273  1.7 

 162.391 -107.273  1.7 
 161.818 -110.35  1.7 
 161.739 -110.909  1.7 
 160.099 -114.545  1.7 
 158.182 -117.03  1.7 
 157.488 -118.182  1.7 
 154.545 -121.757  1.7 
 154.503 -121.818  1.7 
 151.308 -125.455  1.7 
 150.909 -125.834  1.7 
 147.86 -129.091  1.7 
 147.273 -129.647  1.7 
 144.227 -132.727  1.7 
 143.636 -133.284  1.7 
 140.421 -136.364  1.7 
 140 -136.751  1.7 
 136.364 -139.969  1.7 
 136.326 -140  1.7 
 132.727 -142.922  1.7 
 131.763 -143.636  1.7 
 129.091 -145.65  1.7 
 126.627 -147.273  1.7 
 125.455 -148.088  1.7 
 121.818 -150.205  1.7 
 120.329 -150.909  1.7 
 118.182 -152.05  1.7 
 114.545 -153.602  1.7 
 111.492 -154.545  1.7 
 110.909 -154.767  1.7 
 107.273 -155.49  1.7 
 103.636 -155.565  1.7 
 100 -155.078  1.7 
 98.041 -154.545  1.7 
 96.3636 -154.139  1.7 
 92.7273 -152.7  1.7 
 89.6513 -150.909  1.7 
 89.0909 -150.609  1.7 
 85.4545 -147.992  1.7 
 84.6716 -147.273  1.7 
 81.8182 -144.77  1.7 
 80.7745 -143.636  1.7 
 78.1818 -140.765  1.7 
 77.6075 -140  1.7 
 75.083 -136.364  1.7 
 74.5455 -135.504  1.7 
 72.9863 -132.727  1.7 
 71.2364 -129.091  1.7 
 70.9091 -128.188  1.7 
 69.9848 -125.455  1.7 
 69.2783 -121.818  1.7 
 69.2193 -118.182  1.7 
 69.8677 -114.545  1.7 
 70.9091 -111.753  1.7 
 71.2457 -110.909  1.7 
 73.4449 -107.273  1.7 
 74.5455 -105.92  1.7 
 76.4618 -103.636  1.7 
 78.1818 -101.976  1.7 
 80.2021 -100  1.7 
 81.8182 -98.6347  1.7 
 84.2991 -96.3636  1.7 
 85.4545 -95.3516  1.7 
 88.0818 -92.7273  1.7 
 89.0909 -91.6645  1.7 
 91.2872 -89.0909  1.7 
 92.7273 -87.1736  1.7 
 93.9874 -85.4545  1.7 
 96.3402 -81.8182  1.7 
 96.3636 -81.7804  1.7 
 98.9326 -78.1818  1.7 
 100 -76.7725  1.7 
 102.195 -74.5455  1.7 
 103.636 -73.1739  1.7 
 106.944 -70.9091  1.7 
 107.273 -70.7033  1.7 
 110.909 -69.2015  1.7 
 114.545 -68.4043  1.7 
 118.182 -68.2512  1.7 
 121.818 -68.7028  1.7 
 125.455 -69.6779  1.7 
 128.715 -70.9091  1.7 
 129.091 -71.0605  1.7 
 132.727 -72.8341  1.7 
 135.931 -74.5455  1.7 
 136.364 -74.801  1.7 
 140 -77.0887  1.7 
 141.655 -78.1818  1.7 
 143.636 -79.7404  1.7 
 146.28 -81.8182  1.7 
 147.273 -82.7757  1.7 
 150.225 -85.4545  1.7 
 150.909 -86.2374  1.7 
 153.658 -89.0909  1.7 
 154.545 -90.3151  1.7 
 156.544 -92.7273  1.7 
 158.182 -95.5724  1.7 
 158.741 -96.3636  1.7 
 160.503 -100  1.7 
 161.763 -103.636  1.7 

