
# Surface 0 of 1 surfaces

# Curve title: "filename using 2:3:5"

# Contour 0, label:      3.5
 105.447 -154.545  3.5 
 103.636 -158.111  3.5 
 103.602 -158.182  3.5 
 100.188 -161.818  3.5 
 100 -161.959  3.5 
 96.3636 -164.836  3.5 
 95.6468 -165.455  3.5 
 92.7273 -167.409  3.5 
 90.283 -169.091  3.5 
 89.0909 -169.784  3.5 
 85.4545 -171.695  3.5 
 82.9915 -172.727  3.5 
 81.8182 -173.167  3.5 
 78.1818 -174.012  3.5 
 74.5455 -174.291  3.5 
 70.9091 -174.02  3.5 
 67.2727 -173.247  3.5 
 65.6986 -172.727  3.5 
 63.6364 -171.907  3.5 
 60 -170.034  3.5 
 58.4887 -169.091  3.5 
 56.3636 -167.333  3.5 
 54.4125 -165.455  3.5 
 52.7273 -162.787  3.5 
 52.1772 -161.818  3.5 
 51.608 -158.182  3.5 
 52.4891 -154.545  3.5 
 52.7273 -154.121  3.5 
 54.7753 -150.909  3.5 
 56.3636 -149.135  3.5 
 58.3713 -147.273  3.5 
 60 -145.993  3.5 
 63.6364 -143.694  3.5 
 63.7625 -143.636  3.5 
 67.2727 -142.081  3.5 
 70.9091 -141.21  3.5 
 74.5455 -140.97  3.5 
 78.1818 -141.102  3.5 
 81.8182 -141.127  3.5 
 85.4545 -140.98  3.5 
 89.0909 -141.031  3.5 
 92.7273 -141.481  3.5 
 96.3636 -142.483  3.5 
 99.109 -143.636  3.5 
 100 -144.11  3.5 
 103.636 -146.848  3.5 
 104.004 -147.273  3.5 
 105.627 -150.909  3.5 
 105.447 -154.545  3.5 


# Contour 1, label:        3
-30.6545  180  3 
-30.9091  179.7  3 
-33.3842  176.364  3 
-34.5455  174.405  3 
-35.4537  172.727  3 
-37.1744  169.091  3 
-38.1818  166.787  3 
-38.7641  165.455  3 
-40.4436  161.818  3 
-41.8182  159.195  3 
-42.3951  158.182  3 
-44.7938  154.545  3 
-45.4545  153.643  3 
-47.6515  150.909  3 
-49.0909  149.279  3 
-51.092  147.273  3 
-52.7273  145.771  3 
-55.4518  143.636  3 
-56.3636  142.976  3 
-60  140.83  3 
-61.8093  140  3 
-63.6364  139.22  3 
-67.2727  138.127  3 
-70.9091  137.475  3 
-74.5455  137.252  3 
-78.1818  137.452  3 
-81.8182  138.074  3 
-85.4545  139.151  3 
-87.4206  140  3 
-89.0909  140.924  3 
-92.5278  143.636  3 
-92.7273  143.867  3 
-94.967  147.273  3 
-96.1795  150.909  3 
-96.3636  152.786  3 
-96.5053  154.545  3 
-96.3636  156.324  3 
-96.2163  158.182  3 
-95.4486  161.818  3 
-94.3509  165.455  3 
-93.0427  169.091  3 
-92.7273  169.871  3 
-91.5519  172.727  3 
-90.0519  176.364  3 
-89.0909  178.786  3 
-88.5785  180  3 

-30.7614 -180  3 
-30.9091 -179.713  3 
-32.735 -176.364  3 
-34.5455 -174.279  3 
-36.0317 -172.727  3 
-38.1818 -171.171  3 
-41.3987 -169.091  3 
-41.8182 -168.887  3 
-45.4545 -167.245  3 
-49.0909 -165.813  3 
-50.1785 -165.455  3 
-52.7273 -164.769  3 
-56.3636 -164.057  3 
-60 -163.725  3 
-63.6364 -163.879  3 
-67.2727 -164.452  3 
-70.9091 -165.376  3 
-71.1346 -165.455  3 
-74.5455 -166.851  3 
-78.1818 -168.732  3 
-78.7489 -169.091  3 
-81.8182 -171.421  3 
-83.2811 -172.727  3 
-85.4545 -175.173  3 
-86.3838 -176.364  3 
-88.4855 -180  3 

 119.805  180  3 
 118.182  178.829  3 
 114.545  176.548  3 
 114.223  176.364  3 
 110.909  174.585  3 
 107.293  172.727  3 
 107.273  172.717  3 
 103.636  171.009  3 
 100  169.341  3 
 99.4329  169.091  3 
 96.3636  167.763  3 
 92.7273  166.246  3 
 90.6714  165.455  3 
 89.0909  164.852  3 
 85.4545  163.652  3 
 81.8182  162.681  3 
 78.1818  162.006  3 
 76.2292  161.818  3 
 74.5455  161.66  3 
 70.9091  161.601  3 
 67.2727  161.801  3 
 67.1228  161.818  3 
 63.6364  162.24  3 
 60  162.863  3 
 56.3636  163.624  3 
 52.7273  164.551  3 
 49.7593  165.455  3 
 49.0909  165.665  3 
 45.4545  166.99  3 
 41.8182  168.51  3 
 40.581  169.091  3 
 38.1818  170.272  3 
 34.5455  172.284  3 
 33.8012  172.727  3 
 30.9091  174.578  3 
 28.2319  176.364  3 
 27.2727  177.047  3 
 23.6364  179.573  3 
 22.9723  180  3 

 118.634 -180  3 
 121.818 -177.402  3 
 122.976 -176.364  3 
 125.455 -174.104  3 
 126.818 -172.727  3 
 129.091 -170.282  3 
 130.114 -169.091  3 
 132.727 -165.682  3 
 132.895 -165.455  3 
 135.189 -161.818  3 
 136.364 -159.528  3 
 137.065 -158.182  3 
 138.536 -154.545  3 
 139.642 -150.909  3 
 140 -149.236  3 
 140.441 -147.273  3 
 141.03 -143.636  3 
 141.584 -140  3 
 142.343 -136.364  3 
 143.145 -132.727  3 
 143.636 -130.271  3 
 143.885 -129.091  3 
 144.516 -125.455  3 
 145.041 -121.818  3 
 145.5 -118.182  3 
 145.811 -114.545  3 
 145.813 -110.909  3 
 145.389 -107.273  3 
 144.417 -103.636  3 
 143.636 -101.772  3 
 142.719 -100  3 
 140.235 -96.3636  3 
 140 -96.093  3 
 136.551 -92.7273  3 
 136.364 -92.5844  3 
 132.727 -90.1774  3 
 130.559 -89.0909  3 
 129.091 -88.4025  3 
 125.455 -87.2096  3 
 121.818 -86.6031  3 
 118.182 -86.5287  3 
 114.545 -87.001  3 
 110.909 -88.1266  3 
 108.981 -89.0909  3 
 107.273 -89.9332  3 
 103.636 -92.3558  3 
 103.142 -92.7273  3 
 100 -94.8201  3 
 97.2752 -96.3636  3 
 96.3636 -96.7595  3 
 92.7273 -98.0562  3 
 89.0909 -99.1879  3 
 86.2304 -100  3 
 85.4545 -100.19  3 
 81.8182 -101.018  3 
 78.1818 -101.677  3 
 74.5455 -102.212  3 
 70.9091 -102.74  3 
 67.2727 -103.341  3 
 65.8807 -103.636  3 
 63.6364 -104.102  3 
 60 -105.121  3 
 56.3636 -106.481  3 
 54.6973 -107.273  3 
 52.7273 -108.269  3 
 49.0909 -110.563  3 
 48.6256 -110.909  3 
 45.4545 -113.542  3 
 44.3813 -114.545  3 
 41.8182 -117.197  3 
 40.9096 -118.182  3 
 38.1818 -121.335  3 
 37.7649 -121.818  3 
 34.8354 -125.455  3 
 34.5455 -125.843  3 
 32.1765 -129.091  3 
 30.9091 -130.952  3 
 29.7373 -132.727  3 
 27.4287 -136.364  3 
 27.2727 -136.608  3 
 25.1411 -140  3 
 23.6364 -142.255  3 
 22.6613 -143.636  3 
 20.0058 -147.273  3 
 20 -147.281  3 
 17.3577 -150.909  3 
 16.3636 -152.55  3 
 15.0562 -154.545  3 
 13.4111 -158.182  3 
 12.7273 -161.579  3 
 12.6685 -161.818  3 
 12.7273 -162.582  3 
 12.9409 -165.455  3 
 14.3123 -169.091  3 
 16.3636 -172.021  3 
 16.846 -172.727  3 
 20 -176.285  3 
 20.0631 -176.364  3 
 22.9491 -180  3 


# Contour 2, label:      2.5
 24.4325 -23.6364  2.5 
 23.6364 -23.9756  2.5 
 20.6794 -23.6364  2.5 
 20 -23.5448  2.5 
 16.3636 -20.4396  2.5 
 16.0015 -20  2.5 
 14.8308 -16.3636  2.5 
 16.3636 -13.5088  2.5 
 20 -14.0458  2.5 
 23.6364 -16.2449  2.5 
 23.7617 -16.3636  2.5 
 25.735 -20  2.5 
 24.4325 -23.6364  2.5 

-100  95.5604  2.5 
-103.636  94.264  2.5 
-107.273  93.0154  2.5 
-108.29  92.7273  2.5 
-110.909  91.9746  2.5 
-114.545  91.385  2.5 
-118.182  91.5759  2.5 
-121.818  92.691  2.5 
-121.889  92.7273  2.5 
-125.455  94.4878  2.5 
-128.869  96.3636  2.5 
-129.091  96.4969  2.5 
-132.727  98.6864  2.5 
-135.126  100  2.5 
-136.364  101.033  2.5 
-139.01  103.636  2.5 
-140  106.22  2.5 
-140.327  107.273  2.5 
-140.378  110.909  2.5 
-140  113.036  2.5 
-139.753  114.545  2.5 
-138.877  118.182  2.5 
-138.186  121.818  2.5 
-137.652  125.455  2.5 
-137.041  129.091  2.5 
-136.364  132.439  2.5 
-136.308  132.727  2.5 
-135.48  136.364  2.5 
-134.625  140  2.5 
-133.774  143.636  2.5 
-132.882  147.273  2.5 
-132.727  147.837  2.5 
-131.889  150.909  2.5 
-130.797  154.545  2.5 
-129.595  158.182  2.5 
-129.091  159.546  2.5 
-128.241  161.818  2.5 
-126.766  165.455  2.5 
-125.455  168.625  2.5 
-125.251  169.091  2.5 
-123.706  172.727  2.5 
-122.289  176.364  2.5 
-121.818  177.693  2.5 
-120.931  180  2.5 

 141.41  180  2.5 
 140  178.593  2.5 
 137.696  176.364  2.5 
 136.364  175.162  2.5 
 133.605  172.727  2.5 
 132.727  171.984  2.5 
 129.186  169.091  2.5 
 129.091  169.015  2.5 
 125.455  166.254  2.5 
 124.32  165.455  2.5 
 121.818  163.676  2.5 
 119.018  161.818  2.5 
 118.182  161.244  2.5 
 114.545  158.896  2.5 
 113.352  158.182  2.5 
 110.909  156.683  2.5 
 107.273  154.622  2.5 
 107.128  154.545  2.5 
 103.636  152.682  2.5 
 100.123  150.909  2.5 
 100  150.848  2.5 
 96.3636  149.161  2.5 
 92.7273  147.624  2.5 
 91.8009  147.273  2.5 
 89.0909  146.278  2.5 
 85.4545  145.112  2.5 
 81.8182  144.137  2.5 
 79.3577  143.636  2.5 
 78.1818  143.404  2.5 
 74.5455  142.926  2.5 
 70.9091  142.652  2.5 
 67.2727  142.559  2.5 
 63.6364  142.645  2.5 
 60  142.929  2.5 
 56.3636  143.435  2.5 
 55.2559  143.636  2.5 
 52.7273  144.121  2.5 
 49.0909  144.93  2.5 
 45.4545  145.832  2.5 
 41.8182  146.824  2.5 
 40.2825  147.273  2.5 
 38.1818  147.92  2.5 
 34.5455  149.09  2.5 
 30.9091  150.284  2.5 
 28.9434  150.909  2.5 
 27.2727  151.477  2.5 
 23.6364  152.629  2.5 
 20  153.662  2.5 
 16.3636  154.496  2.5 
 16.0312  154.545  2.5 
 12.7273  155.072  2.5 
 9.09091  155.304  2.5 
 5.45455  155.101  2.5 
 2.78664  154.545  2.5 
 1.81818  154.333  2.5 
-1.81818  152.863  2.5 
-4.9702  150.909  2.5 
-5.45455  150.603  2.5 
-9.09091  147.612  2.5 
-9.43026  147.273  2.5 
-12.7273  143.993  2.5 
-13.0396  143.636  2.5 
-16.3515  140  2.5 
-16.3636  139.988  2.5 
-19.7128  136.364  2.5 
-20  136.071  2.5 
-23.2003  132.727  2.5 
-23.6364  132.282  2.5 
-26.6785  129.091  2.5 
-27.2727  128.474  2.5 
-30.1411  125.455  2.5 
-30.9091  124.657  2.5 
-33.6711  121.818  2.5 
-34.5455  120.952  2.5 
-37.4555  118.182  2.5 
-38.1818  117.531  2.5 
-41.7724  114.545  2.5 
-41.8182  114.509  2.5 
-45.4545  111.817  2.5 
-46.7615  110.909  2.5 
-49.0909  109.334  2.5 
-52.3256  107.273  2.5 
-52.7273  107.023  2.5 
-56.3636  105.003  2.5 
-59.39  103.636  2.5 
-60  103.372  2.5 
-63.6364  102.529  2.5 
-67.2727  102.217  2.5 
-70.9091  102.193  2.5 
-74.5455  102.294  2.5 
-78.1818  102.318  2.5 
-81.8182  101.926  2.5 
-85.4545  101.008  2.5 
-88.4674  100  2.5 
-89.0909  99.7774  2.5 
-92.7273  98.3835  2.5 
-96.3636  96.945  2.5 
-97.8431  96.3636  2.5 
-100  95.5604  2.5 

 49.2953 -85.4545  2.5 
 49.0909 -85.5953  2.5 
 45.4545 -88.4204  2.5 
 44.6714 -89.0909  2.5 
 41.8182 -91.1824  2.5 
 39.9262 -92.7273  2.5 
 38.1818 -94.0575  2.5 
 35.5138 -96.3636  2.5 
 34.5455 -97.2132  2.5 
 31.5696 -100  2.5 
 30.9091 -100.634  2.5 
 27.7686 -103.636  2.5 
 27.2727 -104.114  2.5 
 23.8688 -107.273  2.5 
 23.6364 -107.492  2.5 
 20 -110.794  2.5 
 19.8698 -110.909  2.5 
 16.3636 -114.229  2.5 
 16.0317 -114.545  2.5 
 12.7273 -118.036  2.5 
 12.5878 -118.182  2.5 
 9.41521 -121.818  2.5 
 9.09091 -122.215  2.5 
 6.22694 -125.455  2.5 
 5.45455 -126.333  2.5 
 2.72941 -129.091  2.5 
 1.81818 -129.988  2.5 
-1.46256 -132.727  2.5 
-1.81818 -133.01  2.5 
-5.45455 -135.367  2.5 
-7.42473 -136.364  2.5 
-9.09091 -137.158  2.5 
-12.7273 -138.541  2.5 
-16.3636 -139.606  2.5 
-18.0603 -140  2.5 
-20 -140.447  2.5 
-23.6364 -141.123  2.5 
-27.2727 -141.618  2.5 
-30.9091 -141.938  2.5 
-34.5455 -142.093  2.5 
-38.1818 -142.086  2.5 
-41.8182 -141.914  2.5 
-45.4545 -141.617  2.5 
-49.0909 -141.284  2.5 
-52.7273 -140.991  2.5 
-56.3636 -140.813  2.5 
-60 -140.823  2.5 
-63.6364 -141.092  2.5 
-67.2727 -141.599  2.5 
-70.9091 -142.324  2.5 
-74.5455 -143.241  2.5 
-75.874 -143.636  2.5 
-78.1818 -144.343  2.5 
-81.8182 -145.596  2.5 
-85.4545 -146.994  2.5 
-86.1071 -147.273  2.5 
-89.0909 -148.616  2.5 
-92.7273 -150.418  2.5 
-93.6436 -150.909  2.5 
-96.3636 -152.47  2.5 
-99.744 -154.545  2.5 
-100 -154.717  2.5 
-103.636 -157.303  2.5 
-104.806 -158.182  2.5 
-107.273 -160.248  2.5 
-109.062 -161.818  2.5 
-110.909 -163.662  2.5 
-112.603 -165.455  2.5 
-114.545 -167.839  2.5 
-115.486 -169.091  2.5 
-117.809 -172.727  2.5 
-118.182 -173.432  2.5 
-119.576 -176.364  2.5 
-120.848 -180  2.5 

 141.904 -180  2.5 
 143.636 -177.924  2.5 
 144.908 -176.364  2.5 
 147.273 -173.489  2.5 
 147.892 -172.727  2.5 
 150.837 -169.091  2.5 
 150.909 -168.998  2.5 
 153.671 -165.455  2.5 
 154.545 -164.239  2.5 
 156.26 -161.818  2.5 
 158.182 -158.573  2.5 
 158.392 -158.182  2.5 
 159.884 -154.545  2.5 
 161.124 -150.909  2.5 
 161.818 -148.642  2.5 
 162.204 -147.273  2.5 
 163.177 -143.636  2.5 
 164.135 -140  2.5 
 165.108 -136.364  2.5 
 165.455 -135.142  2.5 
 166.096 -132.727  2.5 
 167.117 -129.091  2.5 
 168.146 -125.455  2.5 
 169.091 -121.877  2.5 
 169.106 -121.818  2.5 
 169.899 -118.182  2.5 
 170.567 -114.545  2.5 
 171.124 -110.909  2.5 
 171.583 -107.273  2.5 
 171.951 -103.636  2.5 
 172.241 -100  2.5 
 172.462 -96.3636  2.5 
 172.602 -92.7273  2.5 
 172.63 -89.0909  2.5 
 172.513 -85.4545  2.5 
 172.219 -81.8182  2.5 
 171.726 -78.1818  2.5 
 171.031 -74.5455  2.5 
 170.165 -70.9091  2.5 
 169.174 -67.2727  2.5 
 169.091 -66.9957  2.5 
 167.977 -63.6364  2.5 
 166.658 -60  2.5 
 165.455 -57.0927  2.5 
 165.09 -56.3636  2.5 
 163.028 -52.7273  2.5 
 161.818 -50.7373  2.5 
 160.468 -49.0909  2.5 
 158.182 -46.4206  2.5 
 156.883 -45.4545  2.5 
 154.545 -43.8906  2.5 
 150.909 -42.5994  2.5 
 147.273 -42.0077  2.5 
 144.455 -41.8182  2.5 
 143.636 -41.7666  2.5 
 140 -41.5581  2.5 
 136.364 -41.1227  2.5 
 132.727 -40.5991  2.5 
 129.091 -40.1437  2.5 
 125.455 -39.8779  2.5 
 121.818 -39.9099  2.5 
 118.182 -40.338  2.5 
 114.545 -41.1912  2.5 
 112.705 -41.8182  2.5 
 110.909 -42.4559  2.5 
 107.273 -44.1267  2.5 
 104.89 -45.4545  2.5 
 103.636 -46.1975  2.5 
 100 -48.6427  2.5 
 99.3637 -49.0909  2.5 
 96.3636 -51.2127  2.5 
 94.0299 -52.7273  2.5 
 92.7273 -53.5776  2.5 
 89.0909 -55.5678  2.5 
 87.122 -56.3636  2.5 
 85.4545 -57.0954  2.5 
 81.8182 -58.1051  2.5 
 78.1818 -58.4179  2.5 
 74.5455 -57.9244  2.5 
 70.9091 -56.524  2.5 
 70.6204 -56.3636  2.5 
 67.2727 -54.6337  2.5 
 64.0547 -52.7273  2.5 
 63.6364 -52.4771  2.5 
 60 -50.9053  2.5 
 56.3636 -50.4189  2.5 
 54.1464 -52.7273  2.5 
 53.6841 -56.3636  2.5 
 54.0792 -60  2.5 
 54.9998 -63.6364  2.5 
 56.1324 -67.2727  2.5 
 56.3636 -68.2283  2.5 
 57.1819 -70.9091  2.5 
 57.3997 -74.5455  2.5 
 56.3636 -77.9071  2.5 
 56.2856 -78.1818  2.5 
 53.4222 -81.8182  2.5 
 52.7273 -82.3616  2.5 
 49.2953 -85.4545  2.5 


# Contour 3, label:        2
-180 -137.116  2 
-179.756 -136.364  2 
-178.536 -132.727  2 
-177.29 -129.091  2 
-176.364 -126.373  2 
-176.081 -125.455  2 
-175.044 -121.818  2 
-174.204 -118.182  2 
-173.52 -114.545  2 
-172.919 -110.909  2 
-172.727 -109.638  2 
-172.381 -107.273  2 
-171.895 -103.636  2 
-171.457 -100  2 
-171.064 -96.3636  2 
-170.718 -92.7273  2 
-170.442 -89.0909  2 
-170.275 -85.4545  2 
-170.26 -81.8182  2 
-170.432 -78.1818  2 
-170.813 -74.5455  2 
-171.398 -70.9091  2 
-172.168 -67.2727  2 
-172.727 -65.0519  2 
-173.114 -63.6364  2 
-174.236 -60  2 
-175.5 -56.3636  2 
-176.364 -54.1069  2 
-176.954 -52.7273  2 
-178.645 -49.0909  2 
-180 -46.4432  2 

-63.6364  61.5788  2 
-65.7653  63.6364  2 
-67.2727  64.4109  2 
-70.9091  65.8533  2 
-74.5455  66.646  2 
-78.1818  67.0124  2 
-81.8182  66.9886  2 
-85.4545  66.5728  2 
-89.0909  65.75  2 
-92.7273  64.4785  2 
-94.5418  63.6364  2 
-96.3636  62.7689  2 
-100  60.7983  2 
-101.536  60  2 
-103.636  58.9743  2 
-107.273  57.2837  2 
-109.428  56.3636  2 
-110.909  55.7427  2 
-114.545  54.411  2 
-118.182  53.2994  2 
-120.592  52.7273  2 
-121.818  52.4419  2 
-125.455  51.8357  2 
-129.091  51.3952  2 
-132.727  51.0588  2 
-136.364  50.7995  2 
-140  50.6356  2 
-143.636  50.6058  2 
-147.273  50.7612  2 
-150.909  51.2026  2 
-154.545  52.0941  2 
-156.034  52.7273  2 
-158.182  53.7363  2 
-161.788  56.3636  2 
-161.818  56.3887  2 
-164.783  60  2 
-165.455  60.9989  2 
-166.858  63.6364  2 
-168.483  67.2727  2 
-169.091  68.8716  2 
-169.713  70.9091  2 
-170.569  74.5455  2 
-171.138  78.1818  2 
-171.448  81.8182  2 
-171.545  85.4545  2 
-171.461  89.0909  2 
-171.226  92.7273  2 
-170.858  96.3636  2 
-170.361  100  2 
-169.726  103.636  2 
-169.091  106.616  2 
-168.947  107.273  2 
-168.027  110.909  2 
-167.038  114.545  2 
-166.003  118.182  2 
-165.455  119.981  2 
-164.869  121.818  2 
-163.641  125.455  2 
-162.435  129.091  2 
-161.818  131.052  2 
-161.247  132.727  2 
-160.054  136.364  2 
-158.789  140  2 
-158.182  141.437  2 
-157.146  143.636  2 
-155.401  147.273  2 
-154.545  149.102  2 
-153.671  150.909  2 
-151.963  154.545  2 
-150.909  156.797  2 
-150.263  158.182  2 
-148.551  161.818  2 
-147.273  164.509  2 
-146.833  165.455  2 
-145.187  169.091  2 
-143.657  172.727  2 
-143.636  172.784  2 
-142.359  176.364  2 
-141.334  180  2 

 160.552  180  2 
 158.182  177.381  2 
 157.201  176.364  2 
 154.545  173.808  2 
 153.405  172.727  2 
 150.909  170.446  2 
 149.41  169.091  2 
 147.273  167.177  2 
 145.311  165.455  2 
 143.636  163.966  2 
 141.164  161.818  2 
 140  160.762  2 
 137.142  158.182  2 
 136.364  157.446  2 
 133.167  154.545  2 
 132.727  154.139  2 
 129.091  150.962  2 
 129.027  150.909  2 
 125.455  147.952  2 
 124.576  147.273  2 
 121.818  145.171  2 
 119.604  143.636  2 
 118.182  142.697  2 
 114.545  140.567  2 
 113.496  140  2 
 110.909  138.67  2 
 107.273  136.904  2 
 106.103  136.364  2 
 103.636  135.262  2 
 100  133.746  2 
 97.3668  132.727  2 
 96.3636  132.343  2 
 92.7273  131.047  2 
 89.0909  129.862  2 
 86.4275  129.091  2 
 85.4545  128.807  2 
 81.8182  127.9  2 
 78.1818  127.158  2 
 74.5455  126.582  2 
 70.9091  126.177  2 
 67.2727  125.945  2 
 63.6364  125.884  2 
 60  125.982  2 
 56.3636  126.224  2 
 52.7273  126.589  2 
 49.0909  127.047  2 
 45.4545  127.559  2 
 41.8182  128.08  2 
 38.1818  128.57  2 
 34.5455  129.003  2 
 33.6116  129.091  2 
 30.9091  129.354  2 
 27.2727  129.588  2 
 23.6364  129.66  2 
 20  129.518  2 
 16.3636  129.106  2 
 16.2865  129.091  2 
 12.7273  128.373  2 
 9.09091  127.287  2 
 5.45455  125.822  2 
 4.72212  125.455  2 
 1.81818  123.941  2 
-1.50539  121.818  2 
-1.81818  121.605  2 
-5.45455  118.735  2 
-6.09778  118.182  2 
-9.09091  115.534  2 
-10.1602  114.545  2 
-12.7273  112.173  2 
-14.0579  110.909  2 
-16.3636  108.77  2 
-17.9668  107.273  2 
-20  105.449  2 
-22.0874  103.636  2 
-23.6364  102.373  2 
-26.6972  100  2 
-27.2727  99.5758  2 
-30.9091  96.9792  2 
-31.7987  96.3636  2 
-34.5455  94.5048  2 
-37.2773  92.7273  2 
-38.1818  92.1306  2 
-41.8182  89.7543  2 
-42.8329  89.0909  2 
-45.4545  87.1982  2 
-47.9006  85.4545  2 
-49.0909  84.4052  2 
-52.2954  81.8182  2 
-52.7273  81.3226  2 
-55.9176  78.1818  2 
-56.3636  77.3867  2 
-58.235  74.5455  2 
-59.3939  70.9091  2 
-59.6141  67.2727  2 
-58.9588  63.6364  2 
-58.1192  60  2 
-60  58.1837  2 
-62.0635  60  2 
-63.6364  61.5788  2 

-70.9091 -124.379  2 
-74.5455 -125.273  2 
-75.207 -125.455  2 
-78.1818 -126.28  2 
-81.8182 -127.376  2 
-85.4545 -128.559  2 
-86.9688 -129.091  2 
-89.0909 -129.855  2 
-92.7273 -131.288  2 
-96.0275 -132.727  2 
-96.3636 -132.877  2 
-100 -134.64  2 
-103.292 -136.364  2 
-103.636 -136.547  2 
-107.273 -138.594  2 
-109.633 -140  2 
-110.909 -140.781  2 
-114.545 -143.129  2 
-115.293 -143.636  2 
-118.182 -145.679  2 
-120.301 -147.273  2 
-121.818 -148.481  2 
-124.666 -150.909  2 
-125.455 -151.638  2 
-128.4 -154.545  2 
-129.091 -155.313  2 
-131.554 -158.182  2 
-132.727 -159.79  2 
-134.152 -161.818  2 
-136.19 -165.455  2 
-136.364 -165.836  2 
-137.794 -169.091  2 
-139.07 -172.727  2 
-140 -176.027  2 
-140.095 -176.364  2 
-140.928 -180  2 

-49.0909  49.5056  2 
-51.0199  49.0909  2 
-52.7273  47.5132  2 
-53.1268  45.4545  2 
-53.0608  41.8182  2 
-52.7273  39.8085  2 
-52.4775  38.1818  2 
-51.4637  34.5455  2 
-50.1573  30.9091  2 
-49.0909  28.4188  2 
-48.5869  27.2727  2 
-46.7913  23.6364  2 
-45.4545  21.0643  2 
-44.9071  20  2 
-42.9895  16.3636  2 
-41.8182  14.3307  2 
-40.9551  12.7273  2 
-38.5833  9.09091  2 
-38.1818  8.56822  2 
-35.8389  5.45455  2 
-34.5455  3.88848  2 
-32.7927  1.81818  2 
-30.9091 -0.327031  2 
-29.5158 -1.81818  2 
-27.2727 -4.17726  2 
-26.0574 -5.45455  2 
-23.6364 -7.88966  2 
-22.5289 -9.09091  2 
-20 -11.5544  2 
-18.889 -12.7273  2 
-16.3636 -15.2057  2 
-15.244 -16.3636  2 
-12.7273 -19.0129  2 
-11.7576 -20  2 
-9.09091 -22.8376  2 
-8.29366 -23.6364  2 
-5.45455 -26.6001  2 
-4.81074 -27.2727  2 
-1.81818 -30.3569  2 
-1.29997 -30.9091  2 
 1.81818 -34.1134  2 
 2.22536 -34.5455  2 
 5.45455 -38.1654  2 
 5.46959 -38.1818  2 
 8.31714 -41.8182  2 
 9.09091 -43.0145  2 
 10.8358 -45.4545  2 
 12.7273 -48.5969  2 
 13.0439 -49.0909  2 
 15.1208 -52.7273  2 
 16.3636 -54.9228  2 
 17.2004 -56.3636  2 
 19.3078 -60  2 
 20 -61.2268  2 
 21.3533 -63.6364  2 
 23.0119 -67.2727  2 
 23.6364 -69.4328  2 
 24.0331 -70.9091  2 
 24.2856 -74.5455  2 
 23.7137 -78.1818  2 
 23.6364 -78.3646  2 
 22.1592 -81.8182  2 
 20 -84.9488  2 
 19.6253 -85.4545  2 
 16.3636 -88.9785  2 
 16.255 -89.0909  2 
 12.7273 -92.2383  2 
 12.151 -92.7273  2 
 9.09091 -95.086  2 
 7.35074 -96.3636  2 
 5.45455 -97.7162  2 
 2.20336 -100  2 
 1.81818 -100.287  2 
-1.81818 -103.196  2 
-2.34299 -103.636  2 
-5.45455 -106.348  2 
-6.54029 -107.273  2 
-9.09091 -109.456  2 
-10.8837 -110.909  2 
-12.7273 -112.363  2 
-15.7397 -114.545  2 
-16.3636 -114.972  2 
-20 -117.193  2 
-21.9086 -118.182  2 
-23.6364 -118.999  2 
-27.2727 -120.43  2 
-30.9091 -121.569  2 
-31.9386 -121.818  2 
-34.5455 -122.401  2 
-38.1818 -122.935  2 
-41.8182 -123.143  2 
-45.4545 -123.085  2 
-49.0909 -122.902  2 
-52.7273 -122.7  2 
-56.3636 -122.577  2 
-60 -122.648  2 
-63.6364 -123.018  2 
-67.2727 -123.615  2 
-70.9091 -124.379  2 

 180 -46.0844  2 
 179.741 -45.4545  2 
 178.088 -41.8182  2 
 176.364 -38.3519  2 
 176.277 -38.1818  2 
 174.306 -34.5455  2 
 172.727 -31.8352  2 
 172.154 -30.9091  2 
 169.865 -27.2727  2 
 169.091 -26.0133  2 
 167.458 -23.6364  2 
 165.455 -20.6031  2 
 164.968 -20  2 
 161.994 -16.3636  2 
 161.818 -16.1464  2 
 158.182 -13.1566  2 
 157.21 -12.7273  2 
 154.545 -11.5073  2 
 150.909 -10.96  2 
 147.273 -11.0583  2 
 143.636 -11.3981  2 
 140 -11.6752  2 
 136.364 -11.7369  2 
 132.727 -11.6301  2 
 129.091 -11.5014  2 
 125.455 -11.5037  2 
 121.818 -11.7726  2 
 118.182 -12.4022  2 
 117.005 -12.7273  2 
 114.545 -13.4039  2 
 110.909 -14.7123  2 
 107.273 -16.2207  2 
 106.948 -16.3636  2 
 103.636 -17.8546  2 
 100 -19.5072  2 
 98.8376 -20  2 
 96.3636 -21.0928  2 
 92.7273 -22.5435  2 
 89.3466 -23.6364  2 
 89.0909 -23.7272  2 
 85.4545 -24.4871  2 
 81.8182 -24.5138  2 
 78.3302 -23.6364  2 
 78.1818 -23.6006  2 
 74.5455 -21.8881  2 
 71.6586 -20  2 
 70.9091 -19.5279  2 
 67.2727 -16.7963  2 
 66.7386 -16.3636  2 
 63.6364 -13.8382  2 
 62.2852 -12.7273  2 
 60 -10.8636  2 
 57.596 -9.09091  2 
 56.3636 -8.24419  2 
 52.7273 -6.1966  2 
 51.2094 -5.45455  2 
 49.0909 -4.53417  2 
 45.4545 -2.96188  2 
 42.9973 -1.81818  2 
 41.8182 -1.27253  2 
 38.1818  0.857555  2 
 36.772  1.81818  2 
 34.5455  3.35044  2 
 31.3417  5.45455  2 
 30.9091  5.723  2 
 27.2727  7.90505  2 
 25.3082  9.09091  2 
 23.6364  10.0187  2 
 20  12.2051  2 
 19.2237  12.7273  2 
 16.3636  14.5528  2 
 13.7395  16.3636  2 
 12.7273  17.0757  2 
 9.09091  19.5727  2 
 8.42335  20  2 
 5.45455  21.9577  2 
 2.8056  23.6364  2 
 1.81818  24.2759  2 
-1.81818  26.6793  2 
-2.70135  27.2727  2 
-5.45455  29.0392  2 
-8.50832  30.9091  2 
-9.09091  31.257  2 
-12.7273  33.2199  2 
-15.5732  34.5455  2 
-16.3636  34.9302  2 
-20  36.5225  2 
-23.4165  38.1818  2 
-23.6364  38.3115  2 
-27.2727  40.4933  2 
-29.4113  41.8182  2 
-30.9091  42.8263  2 
-34.5455  45.0286  2 
-35.4257  45.4545  2 
-38.1818  46.7821  2 
-41.8182  48.0389  2 
-45.4545  48.9681  2 
-46.5673  49.0909  2 
-49.0909  49.5056  2 

 180 -137.059  2 
 179.171 -140  2 
 178.381 -143.636  2 
 177.642 -147.273  2 
 176.841 -150.909  2 
 176.364 -152.76  2 
 175.905 -154.545  2 
 174.752 -158.182  2 
 173.295 -161.818  2 
 172.727 -162.99  2 
 171.499 -165.455  2 
 169.346 -169.091  2 
 169.091 -169.48  2 
 166.848 -172.727  2 
 165.455 -174.61  2 
 164.093 -176.364  2 
 161.818 -179.285  2 
 161.26 -180  2 


# Contour 4, label:      1.5
-164.251 -30.9091  1.5 
-165.455 -27.9529  1.5 
-165.762 -27.2727  1.5 
-167.339 -23.6364  1.5 
-168.886 -20  1.5 
-169.091 -19.4442  1.5 
-170.429 -16.3636  1.5 
-171.882 -12.7273  1.5 
-172.727 -10.3058  1.5 
-173.244 -9.09091  1.5 
-174.494 -5.45455  1.5 
-175.486 -1.81818  1.5 
-175.762  1.81818  1.5 
-174.29  5.45455  1.5 
-172.727  6.74605  1.5 
-169.091  8.54539  1.5 
-167.678  9.09091  1.5 
-165.455  9.66891  1.5 
-161.818  10.666  1.5 
-158.182  11.7441  1.5 
-155.144  12.7273  1.5 
-154.545  12.894  1.5 
-150.909  14.0279  1.5 
-147.273  15.1093  1.5 
-143.636  16.0781  1.5 
-142.424  16.3636  1.5 
-140  16.9203  1.5 
-136.364  17.6364  1.5 
-132.727  18.2569  1.5 
-129.091  18.838  1.5 
-125.455  19.4465  1.5 
-122.635  20  1.5 
-121.818  20.1665  1.5 
-118.182  21.1708  1.5 
-114.545  22.4119  1.5 
-111.238  23.6364  1.5 
-110.909  23.7602  1.5 
-107.273  25.146  1.5 
-103.636  26.471  1.5 
-101.155  27.2727  1.5 
-100  27.6616  1.5 
-96.3636  28.6566  1.5 
-92.7273  29.3642  1.5 
-89.0909  29.5938  1.5 
-85.4545  28.9899  1.5 
-82.2059  27.2727  1.5 
-81.8182  27.0573  1.5 
-78.1818  23.6627  1.5 
-78.1612  23.6364  1.5 
-75.1951  20  1.5 
-74.5455  19.2287  1.5 
-72.5317  16.3636  1.5 
-70.9091  14.1089  1.5 
-70.028  12.7273  1.5 
-67.6549  9.09091  1.5 
-67.2727  8.53013  1.5 
-65.3101  5.45455  1.5 
-63.6364  3.01448  1.5 
-62.8151  1.81818  1.5 
-60 -1.59551  1.5 
-59.7955 -1.81818  1.5 
-56.3636 -5.07292  1.5 
-55.9694 -5.45455  1.5 
-52.7273 -8.59957  1.5 
-52.2615 -9.09091  1.5 
-49.0909 -12.6523  1.5 
-49.0288 -12.7273  1.5 
-46.1307 -16.3636  1.5 
-45.4545 -17.1999  1.5 
-43.1342 -20  1.5 
-41.8182 -21.323  1.5 
-39.0157 -23.6364  1.5 
-38.1818 -24.2655  1.5 
-34.5455 -26.8457  1.5 
-33.9867 -27.2727  1.5 
-30.9091 -29.8918  1.5 
-29.8875 -30.9091  1.5 
-27.2727 -34.0183  1.5 
-26.8743 -34.5455  1.5 
-24.43 -38.1818  1.5 
-23.6364 -39.3587  1.5 
-21.8455 -41.8182  1.5 
-20 -44.0204  1.5 
-18.5966 -45.4545  1.5 
-16.3636 -47.9487  1.5 
-15.3716 -49.0909  1.5 
-12.8636 -52.7273  1.5 
-12.7273 -52.9888  1.5 
-11.1288 -56.3636  1.5 
-9.94487 -60  1.5 
-9.09248 -63.6364  1.5 
-9.09091 -63.6468  1.5 
-8.48476 -67.2727  1.5 
-8.23093 -70.9091  1.5 
-8.58572 -74.5455  1.5 

-8.58572 -74.5455  1.5 
-9.09091 -76.0339  1.5 
-9.91358 -78.1818  1.5 
-12.4483 -81.8182  1.5 
-12.7273 -82.1116  1.5 
-15.9896 -85.4545  1.5 
-16.3636 -85.7835  1.5 
-20 -88.9868  1.5 
-20.1194 -89.0909  1.5 
-23.6364 -91.9191  1.5 
-24.6636 -92.7273  1.5 
-27.2727 -94.6716  1.5 
-29.6751 -96.3636  1.5 
-30.9091 -97.1823  1.5 
-34.5455 -99.32  1.5 
-35.9257 -100  1.5 
-38.1818 -100.984  1.5 
-41.8182 -102.092  1.5 
-45.4545 -102.798  1.5 
-49.0909 -103.291  1.5 
-52.1004 -103.636  1.5 
-52.7273 -103.701  1.5 
-56.3636 -104.119  1.5 
-60 -104.646  1.5 
-63.6364 -105.329  1.5 
-67.2727 -106.156  1.5 
-70.9091 -107.1  1.5 
-71.5155 -107.273  1.5 
-74.5455 -108.103  1.5 
-78.1818 -109.158  1.5 
-81.8182 -110.242  1.5 
-84.0129 -110.909  1.5 
-85.4545 -111.344  1.5 
-89.0909 -112.47  1.5 
-92.7273 -113.641  1.5 
-95.3777 -114.545  1.5 
-96.3636 -114.885  1.5 
-100 -116.238  1.5 
-103.636 -117.748  1.5 
-104.628 -118.182  1.5 
-107.273 -119.391  1.5 
-110.909 -121.07  1.5 
-112.578 -121.818  1.5 
-114.545 -122.743  1.5 
-118.182 -124.379  1.5 
-120.687 -125.455  1.5 
-121.818 -125.976  1.5 
-125.455 -127.571  1.5 
-128.776 -129.091  1.5 
-129.091 -129.25  1.5 
-132.727 -131.061  1.5 
-135.704 -132.727  1.5 
-136.364 -133.139  1.5 
-140 -135.472  1.5 
-141.363 -136.364  1.5 
-143.636 -138.007  1.5 
-146.456 -140  1.5 
-147.273 -140.626  1.5 
-150.909 -142.871  1.5 
-153.529 -143.636  1.5 
-154.545 -143.951  1.5 
-155.195 -143.636  1.5 
-158.182 -140.94  1.5 
-158.46 -140  1.5 
-158.446 -136.364  1.5 
-158.182 -134.168  1.5 
-157.941 -132.727  1.5 
-157.353 -129.091  1.5 
-156.922 -125.455  1.5 
-156.57 -121.818  1.5 
-156.159 -118.182  1.5 
-155.729 -114.545  1.5 
-155.384 -110.909  1.5 
-155.121 -107.273  1.5 
-154.891 -103.636  1.5 
-154.612 -100  1.5 
-154.545 -99.3599  1.5 
-154.216 -96.3636  1.5 
-153.807 -92.7273  1.5 
-153.466 -89.0909  1.5 
-153.231 -85.4545  1.5 
-153.124 -81.8182  1.5 
-153.153 -78.1818  1.5 
-153.328 -74.5455  1.5 
-153.653 -70.9091  1.5 
-154.128 -67.2727  1.5 
-154.545 -64.8062  1.5 
-154.743 -63.6364  1.5 
-155.471 -60  1.5 
-156.268 -56.3636  1.5 
-157.13 -52.7273  1.5 
-158.068 -49.0909  1.5 
-158.182 -48.6816  1.5 
-159.099 -45.4545  1.5 
-160.226 -41.8182  1.5 
-161.456 -38.1818  1.5 
-161.818 -37.1586  1.5 
-162.807 -34.5455  1.5 
-164.251 -30.9091  1.5 

-180  127.752  1.5 
-179.48  129.091  1.5 
-178.025  132.727  1.5 
-176.565  136.364  1.5 
-176.364  136.902  1.5 
-175.311  140  1.5 
-174.201  143.636  1.5 
-173.135  147.273  1.5 
-172.727  148.756  1.5 
-172.142  150.909  1.5 
-171.267  154.545  1.5 
-170.575  158.182  1.5 
-170.158  161.818  1.5 
-170.095  165.455  1.5 
-170.545  169.091  1.5 
-171.991  172.727  1.5 
-172.727  173.722  1.5 
-176.234  176.364  1.5 
-176.364  176.439  1.5 
-180  178.613  1.5 

-173.738 -180  1.5 
-176.364 -179.469  1.5 
-180 -179.888  1.5 

-5.17897  52.7273  1.5 
-5.45455  53.0555  1.5 
-8.30147  56.3636  1.5 
-9.09091  57.4467  1.5 
-10.9833  60  1.5 
-12.7273  62.9281  1.5 
-13.162  63.6364  1.5 
-14.7425  67.2727  1.5 
-15.5057  70.9091  1.5 
-15.3499  74.5455  1.5 
-14.2512  78.1818  1.5 
-12.7273  80.9156  1.5 
-12.2483  81.8182  1.5 
-9.41755  85.4545  1.5 
-9.09091  85.7844  1.5 
-5.6881  89.0909  1.5 
-5.45455  89.2865  1.5 
-1.81818  92.1102  1.5 
-0.947267  92.7273  1.5 
 1.81818  94.6058  1.5 
 4.5382  96.3636  1.5 
 5.45455  96.9729  1.5 
 9.09091  99.2074  1.5 
 10.5261  100  1.5 
 12.7273  101.235  1.5 
 16.3636  103.006  1.5 
 17.846  103.636  1.5 
 20  104.531  1.5 
 23.6364  105.806  1.5 
 27.2727  106.813  1.5 
 29.4917  107.273  1.5 
 30.9091  107.544  1.5 
 34.5455  108.018  1.5 
 38.1818  108.273  1.5 
 41.8182  108.336  1.5 
 45.4545  108.255  1.5 
 49.0909  108.1  1.5 
 52.7273  107.941  1.5 
 56.3636  107.835  1.5 
 60  107.832  1.5 
 63.6364  107.964  1.5 
 67.2727  108.238  1.5 
 70.9091  108.654  1.5 
 74.5455  109.219  1.5 
 78.1818  109.947  1.5 
 81.8182  110.839  1.5 
 82.0623  110.909  1.5 
 85.4545  111.848  1.5 
 89.0909  112.979  1.5 
 92.7273  114.229  1.5 
 93.5833  114.545  1.5 
 96.3636  115.553  1.5 
 100  116.954  1.5 
 103.109  118.182  1.5 
 103.636  118.382  1.5 
 107.273  119.798  1.5 
 110.909  121.317  1.5 
 112.046  121.818  1.5 
 114.545  122.891  1.5 
 118.182  124.538  1.5 
 120.133  125.455  1.5 
 121.818  126.244  1.5 
 125.455  128.055  1.5 
 127.37  129.091  1.5 
 129.091  130.049  1.5 
 132.727  132.238  1.5 
 133.507  132.727  1.5 
 136.364  134.621  1.5 
 138.807  136.364  1.5 
 140  137.28  1.5 
 143.228  140  1.5 
 143.636  140.379  1.5 
 146.992  143.636  1.5 
 147.273  143.922  1.5 
 150.511  147.273  1.5 
 150.909  147.691  1.5 
 153.969  150.909  1.5 
 154.545  151.517  1.5 
 157.407  154.545  1.5 
 158.182  155.359  1.5 
 160.897  158.182  1.5 
 161.818  159.076  1.5 
 164.661  161.818  1.5 
 165.455  162.558  1.5 
 168.352  165.455  1.5 
 169.091  166.212  1.5 
 171.739  169.091  1.5 
 172.727  170.231  1.5 
 174.866  172.727  1.5 
 176.364  174.605  1.5 
 177.845  176.364  1.5 
 180  178.98  1.5 

 180  127.017  1.5 
 178.232  125.455  1.5 
 176.364  123.608  1.5 
 175.032  121.818  1.5 
 172.816  118.182  1.5 
 172.727  118.017  1.5 
 171.064  114.545  1.5 
 169.485  110.909  1.5 
 169.091  109.934  1.5 
 168.078  107.273  1.5 
 166.859  103.636  1.5 
 165.81  100  1.5 
 165.455  98.61  1.5 
 164.889  96.3636  1.5 
 164.089  92.7273  1.5 
 163.402  89.0909  1.5 
 162.809  85.4545  1.5 
 162.274  81.8182  1.5 
 161.818  78.744  1.5 
 161.735  78.1818  1.5 
 161.186  74.5455  1.5 
 160.661  70.9091  1.5 
 160.185  67.2727  1.5 
 159.78  63.6364  1.5 
 159.487  60  1.5 
 159.348  56.3636  1.5 
 159.286  52.7273  1.5 
 159.201  49.0909  1.5 
 158.988  45.4545  1.5 
 158.533  41.8182  1.5 
 158.182  40.0912  1.5 
 157.819  38.1818  1.5 
 156.713  34.5455  1.5 
 154.79  30.9091  1.5 
 154.545  30.5871  1.5 
 152.088  27.2727  1.5 
 150.909  26.0954  1.5 
 148.384  23.6364  1.5 
 147.273  22.7563  1.5 
 143.636  20.1192  1.5 
 143.444  20  1.5 
 140  18.1865  1.5 
 136.364  16.8314  1.5 
 134.72  16.3636  1.5 
 132.727  15.8319  1.5 
 129.091  15.0199  1.5 
 125.455  14.2551  1.5 
 121.818  13.4054  1.5 
 119.445  12.7273  1.5 
 118.182  12.3762  1.5 
 114.545  11.1761  1.5 
 110.909  9.86834  1.5 
 108.807  9.09091  1.5 
 107.273  8.5134  1.5 
 103.636  7.16643  1.5 
 100  5.90207  1.5 
 98.5258  5.45455  1.5 
 96.3636  4.7802  1.5 
 92.7273  3.88381  1.5 
 89.0909  3.29857  1.5 
 85.4545  3.1224  1.5 
 81.8182  3.48772  1.5 
 78.1818  4.54844  1.5 
 76.1695  5.45455  1.5 
 74.5455  6.13986  1.5 
 70.9091  7.93043  1.5 
 68.6054  9.09091  1.5 
 67.2727  9.71484  1.5 
 63.6364  11.3913  1.5 
 60.6748  12.7273  1.5 
 60  13.0309  1.5 
 56.3636  14.8455  1.5 
 53.7069  16.3636  1.5 
 52.7273  16.9643  1.5 
 49.0909  19.3124  1.5 
 48.0573  20  1.5 
 45.4545  21.6083  1.5 
 41.8182  23.6024  1.5 
 41.7414  23.6364  1.5 
 38.1818  25.0989  1.5 
 34.5455  26.4788  1.5 
 32.657  27.2727  1.5 
 30.9091  28.0674  1.5 
 27.2727  30.076  1.5 
 25.995  30.9091  1.5 
 23.6364  32.6321  1.5 
 21.1701  34.5455  1.5 
 20  35.4935  1.5 
 16.3636  37.9399  1.5 
 15.9369  38.1818  1.5 
 12.7273  39.833  1.5 
 9.09091  41.7051  1.5 
 8.88072  41.8182  1.5 
 5.45455  43.7913  1.5 
 2.90783  45.4545  1.5 
 1.81818  46.2787  1.5 
-1.55526  49.0909  1.5 
-1.81818  49.351  1.5 
-5.17897  52.7273  1.5 


# Contour 5, label:        1
-53.8641 -41.8182  1 
-52.7273 -43.1663  1 
-50.4046 -45.4545  1 
-49.0909 -47.573  1 
-48.2128 -49.0909  1 
-47.3758 -52.7273  1 
-47.5325 -56.3636  1 
-48.531 -60  1 

-48.531 -60  1 
-49.0909 -61.1892  1 
-50.1886 -63.6364  1 
-52.2989 -67.2727  1 
-52.7273 -67.832  1 
-54.6227 -70.9091  1 
-56.3636 -73.0177  1 
-57.3984 -74.5455  1 
-60 -77.3214  1 
-60.7009 -78.1818  1 
-63.6364 -80.8473  1 
-64.6232 -81.8182  1 
-67.2727 -83.8226  1 
-69.379 -85.4545  1 
-70.9091 -86.4118  1 
-74.5455 -88.6539  1 
-75.2867 -89.0909  1 
-78.1818 -90.5679  1 
-81.8182 -92.2686  1 
-82.8898 -92.7273  1 
-85.4545 -93.742  1 
-89.0909 -95.0558  1 
-92.7273 -96.2548  1 
-93.0819 -96.3636  1 
-96.3636 -97.3544  1 
-100 -98.4277  1 
-103.636 -99.5579  1 
-105.123 -100  1 
-107.273 -100.658  1 
-110.909 -101.615  1 
-114.545 -102.322  1 
-118.182 -102.593  1 
-121.818 -102.068  1 
-125.455 -100.338  1 
-125.888 -100  1 
-129.091 -96.5462  1 
-129.213 -96.3636  1 
-131.077 -92.7273  1 
-132.363 -89.0909  1 
-132.727 -87.7239  1 
-133.25 -85.4545  1 
-133.918 -81.8182  1 
-134.509 -78.1818  1 
-135.085 -74.5455  1 
-135.633 -70.9091  1 
-136.154 -67.2727  1 
-136.364 -65.8199  1 
-136.683 -63.6364  1 
-137.279 -60  1 
-138.011 -56.3636  1 
-138.795 -52.7273  1 
-139.542 -49.0909  1 
-140 -46.5637  1 
-140.211 -45.4545  1 
-140.791 -41.8182  1 
-141.296 -38.1818  1 
-141.703 -34.5455  1 
-141.93 -30.9091  1 
-141.896 -27.2727  1 
-141.488 -23.6364  1 
-140.521 -20  1 
-140 -18.8972  1 
-138.501 -16.3636  1 
-136.364 -13.8893  1 
-135.074 -12.7273  1 
-132.727 -11.0416  1 
-129.091 -9.09212  1 
-125.455 -7.69715  1 
-121.818 -6.57443  1 
-118.182 -5.59095  1 
-117.633 -5.45455  1 
-114.545 -4.67741  1 
-110.909 -3.87282  1 
-107.273 -3.24902  1 
-103.636 -2.87541  1 
-100 -2.83779  1 
-96.3636 -3.23641  1 
-92.7273 -4.13038  1 
-89.3904 -5.45455  1 
-89.0909 -5.5784  1 
-85.4545 -7.64836  1 
-83.4896 -9.09091  1 
-81.8182 -10.3523  1 
-79.053 -12.7273  1 
-78.1818 -13.4877  1 
-74.9293 -16.3636  1 
-74.5455 -16.7104  1 
-70.9091 -19.9095  1 
-70.8023 -20  1 
-67.2727 -23.4193  1 
-67.0541 -23.6364  1 
-64.1584 -27.2727  1 
-63.6364 -28.0874  1 
-61.848 -30.9091  1 
-60 -34.0313  1 
-59.6507 -34.5455  1 
-57.1521 -38.1818  1 
-56.3636 -39.2794  1 
-53.8641 -41.8182  1 

 135.111  89.0909  1 
 136.039  85.4545  1 
 136.364  82.7216  1 
 136.457  81.8182  1 
 136.459  78.1818  1 

 136.459  78.1818  1 
 136.364  77.1381  1 
 136.124  74.5455  1 
 135.532  70.9091  1 
 134.761  67.2727  1 
 133.885  63.6364  1 
 132.978  60  1 
 132.727  58.9861  1 
 132.024  56.3636  1 
 130.97  52.7273  1 
 129.652  49.0909  1 
 129.091  47.9339  1 
 127.773  45.4545  1 
 125.455  42.3733  1 
 125.001  41.8182  1 
 121.818  38.8889  1 
 120.981  38.1818  1 
 118.182  36.2814  1 
 115.373  34.5455  1 
 114.545  34.1078  1 
 110.909  32.3387  1 
 107.444  30.9091  1 
 107.273  30.8435  1 
 103.636  29.7346  1 
 100  28.9849  1 
 96.3636  28.6243  1 
 92.7273  28.6726  1 
 89.0909  29.1522  1 
 85.4545  30.0743  1 
 83.098  30.9091  1 
 81.8182  31.4403  1 
 78.1818  33.2077  1 
 75.617  34.5455  1 
 74.5455  35.1734  1 
 70.9091  37.3407  1 
 69.5237  38.1818  1 
 67.2727  39.6901  1 
 63.9175  41.8182  1 
 63.6364  42.0161  1 
 60  43.9562  1 
 56.3636  45.0114  1 
 52.7273  45.4251  1 
 51.9426  45.4545  1 
 49.0909  45.6005  1 
 45.4545  45.981  1 
 41.8182  47.1881  1 
 38.6254  49.0909  1 
 38.1818  49.3847  1 
 34.5455  52.1328  1 
 33.6896  52.7273  1 
 30.9091  54.6614  1 
 27.8623  56.3636  1 
 27.2727  56.7591  1 
 23.6364  59.1876  1 
 22.5613  60  1 
 20.7402  63.6364  1 
 21.456  67.2727  1 
 23.6364  70.1685  1 
 24.4482  70.9091  1 
 27.2727  72.6663  1 
 30.9091  74.4836  1 
 31.0668  74.5455  1 
 34.5455  75.6644  1 
 38.1818  76.6544  1 
 41.8182  77.5357  1 
 44.4968  78.1818  1 
 45.4545  78.3644  1 
 49.0909  79.1673  1 
 52.7273  80.2213  1 
 56.3636  81.6002  1 
 56.8243  81.8182  1 
 60  82.9132  1 
 63.6364  84.3167  1 
 66.2596  85.4545  1 
 67.2727  85.8027  1 
 70.9091  87.1956  1 
 74.5455  88.6349  1 
 75.6619  89.0909  1 
 78.1818  89.9732  1 
 81.8182  91.2671  1 
 85.4545  92.5626  1 
 85.9269  92.7273  1 
 89.0909  93.7657  1 
 92.7273  94.8847  1 
 96.3636  95.8966  1 
 98.2142  96.3636  1 
 100  96.8179  1 
 103.636  97.7155  1 
 107.273  98.543  1 
 110.909  99.2197  1 
 114.545  99.6817  1 
 118.182  99.8629  1 
 121.818  99.7136  1 
 125.455  99.0583  1 
 129.091  97.468  1 
 130.511  96.3636  1 
 132.727  93.9635  1 
 133.508  92.7273  1 
 135.111  89.0909  1 


# Contour 6, label:      0.5
-84.308 -67.2727  0.5 
-85.4545 -69.5228  0.5 
-86.291 -70.9091  0.5 
-89.0909 -74.0008  0.5 
-89.7601 -74.5455  0.5 
-92.7273 -76.4747  0.5 
-96.3636 -78.0262  0.5 
-96.9784 -78.1818  0.5 
-100 -78.9269  0.5 
-103.636 -79.3561  0.5 
-107.273 -79.1706  0.5 
-110.658 -78.1818  0.5 
-110.909 -78.0934  0.5 
-114.545 -75.4076  0.5 
-115.239 -74.5455  0.5 
-117.391 -70.9091  0.5 
-118.182 -68.9875  0.5 
-118.75 -67.2727  0.5 
-119.674 -63.6364  0.5 
-120.436 -60  0.5 
-121.225 -56.3636  0.5 
-121.818 -53.2425  0.5 
-121.914 -52.7273  0.5 
-122.368 -49.0909  0.5 
-122.535 -45.4545  0.5 
-122.312 -41.8182  0.5 
-121.818 -39.5612  0.5 
-121.435 -38.1818  0.5 
-119.495 -34.5455  0.5 
-118.182 -32.9076  0.5 
-115.839 -30.9091  0.5 
-114.545 -30.0416  0.5 
-110.909 -28.531  0.5 
-107.273 -27.8716  0.5 
-103.636 -27.9352  0.5 
-100 -28.684  0.5 
-96.3636 -30.1984  0.5 
-95.2576 -30.9091  0.5 
-92.7273 -32.7487  0.5 
-90.9493 -34.5455  0.5 
-89.0909 -36.8359  0.5 
-88.1986 -38.1818  0.5 
-86.2156 -41.8182  0.5 
-85.4545 -43.5181  0.5 
-84.6317 -45.4545  0.5 
-83.4641 -49.0909  0.5 
-82.7696 -52.7273  0.5 
-82.5474 -56.3636  0.5 
-82.7233 -60  0.5 
-83.2298 -63.6364  0.5 
-84.308 -67.2727  0.5 

